-0.6484   -0.094594     -9.8179      0.2522     -6.2976      5.6924=0.475,0.525
-0.6484   -0.094594     -9.8179      0.2522     -6.2976      5.6924=0.48875,0.51125
-0.6484   -0.094594     -9.8179      0.2522     -6.2976      5.6924=0.50375,0.49625
-0.6484   -0.094594     -9.8179      0.2522     -6.2976      5.6924=0.465,0.535
-0.6484   -0.094594     -9.8179      0.2522     -6.2976      5.6924=0.47875,0.52125
-0.6484   -0.094594     -9.8179      0.2522     -6.2976      5.6924=0.48125,0.51875
-0.6484   -0.094594     -9.8179      0.2522     -6.2976      5.6924=0.4875,0.5125
3.9394      3.8161     -9.8186      -3.829      9.9185     -9.1329=0.47125,0.52875
1.6455      1.8608     -9.8182     -1.7884      1.8105     -1.7202=0.5,0.5
0.49855     0.88309      -9.818    -0.76809     -2.2436      1.9861=0.4675,0.5325
0.49855     0.88309      -9.818    -0.76809     -2.2436      1.9861=0.48,0.52
0.49855     0.88309      -9.818    -0.76809     -2.2436      1.9861=0.48875,0.51125
0.49855     0.88309      -9.818    -0.76809     -2.2436      1.9861=0.46875,0.53125
0.49855     0.88309      -9.818    -0.76809     -2.2436      1.9861=0.48875,0.51125
0.49855     0.88309      -9.818    -0.76809     -2.2436      1.9861=0.52125,0.47875
0.49855     0.88309      -9.818    -0.76809     -2.2436      1.9861=0.48375,0.51625
2.3407      2.4402     -9.8183     -2.6707      9.9388     -5.9067=0.49,0.51
1.4196      1.6616     -9.8182     -1.7194      3.8476     -1.9603=0.49625,0.50375
0.95908      1.2724     -9.8181     -1.2437     0.80202    0.012888=0.4825,0.5175
0.72882      1.0777     -9.8181     -1.0059    -0.72077     0.99948=0.4775,0.5225
-3.0857     -5.2082     -9.8168      5.3239      4.6049    -0.35453=0.47875,0.52125
-1.2936     -2.1625     -9.8174      2.2779      1.1806     0.81578=0.48625,0.51375
-0.39751    -0.63972     -9.8177      0.7549    -0.53146      1.4009=0.47375,0.52625
0.050519     0.12168     -9.8179   -0.006591     -1.3875      1.6935=0.4925,0.5075
0.27453     0.50239      -9.818    -0.38734     -1.8155      1.8398=0.4725,0.5275
0.38654     0.69274      -9.818    -0.57771     -2.0295      1.9129=0.45125,0.54875
0.38654     0.69274      -9.818    -0.57771     -2.0295      1.9129=0.47125,0.52875
0.38654     0.69274      -9.818    -0.57771     -2.0295      1.9129=0.48125,0.51875
0.38654     0.69274      -9.818    -0.57771     -2.0295      1.9129=0.4875,0.5125
0.38654     0.69274      -9.818    -0.57771     -2.0295      1.9129=0.47125,0.52875
0.38654     0.69274      -9.818    -0.57771     -2.0295      1.9129=0.4475,0.5525
0.38654     0.69274      -9.818    -0.57771     -2.0295      1.9129=0.44125,0.55875
0.20903     0.42652     -9.8169    -0.40022     -2.0459      1.9592=0.485,0.515
0.29779     0.55963     -9.8175    -0.48897     -2.0377      1.9361=0.465,0.535
0.34216     0.62619     -9.8177    -0.53334     -2.0336      1.9245=0.47875,0.52125
0.36435     0.65946     -9.8179    -0.55552     -2.0316      1.9187=0.51,0.49
0.37545      0.6761     -9.8179    -0.56662     -2.0306      1.9158=0.4825,0.5175
0.38099     0.68442      -9.818    -0.57216     -2.0301      1.9144=0.485,0.515
0.38377     0.68858      -9.818    -0.57494     -2.0298      1.9137=0.4625,0.5375
0.38515     0.69066      -9.818    -0.57632     -2.0297      1.9133=0.46875,0.53125
0.38585      0.6917      -9.818    -0.57702     -2.0296      1.9131=0.5,0.5
0.38619     0.69222      -9.818    -0.57736     -2.0296       1.913=0.46,0.54
0.38637     0.69248      -9.818    -0.57754     -2.0296       1.913=0.4575,0.5425
0.38645     0.69261      -9.818    -0.57762     -2.0296       1.913=0.4875,0.5125
0.3865     0.69268      -9.818    -0.57767     -2.0296      1.9129=0.5,0.5
0.38652     0.69271      -9.818    -0.57769     -2.0296      1.9129=0.47625,0.52375
0.38653     0.69272      -9.818     -0.5777     -2.0295      1.9129=0.475,0.525
0.38654     0.69273      -9.818    -0.57771     -2.0295      1.9129=0.4625,0.5375
0.38654     0.69274      -9.818    -0.57771     -2.0295      1.9129=0.47625,0.52375
0.38654     0.69274      -9.818    -0.57771     -2.0295      1.9129=0.4675,0.5325
0.38654     0.69274      -9.818    -0.57771     -2.0295      1.9129=0.4875,0.5125
0.38654     0.69274      -9.818    -0.57771     -2.0295      1.9129=0.475,0.525
0.38654     0.69274      -9.818    -0.57771     -2.0295      1.9129=0.4775,0.5225
0.38654     0.69274      -9.818    -0.57771     -2.0295      1.9129=0.47875,0.52125
0.38654     0.69274      -9.818    -0.57771     -2.0295      1.9129=0.49625,0.50375
0.38654     0.69274      -9.818    -0.57771     -2.0295      1.9129=0.49375,0.50625
0.38654     0.69274      -9.818    -0.57771     -2.0295      1.9129=0.48375,0.51625
0.38654     0.69274      -9.818    -0.57771     -2.0295      1.9129=0.44625,0.55375
0.38654     0.69274      -9.818    -0.57771     -2.0295      1.9129=0.485,0.515
0.38654     0.69274      -9.818    -0.57771     -2.0295      1.9129=0.4625,0.5375
0.38654     0.69274      -9.818    -0.57771     -2.0295      1.9129=0.48125,0.51875
0.38654     0.69274      -9.818    -0.57771     -2.0295      1.9129=0.50125,0.49875
0.38654     0.69274      -9.818    -0.57771     -2.0295      1.9129=0.47625,0.52375
0.38654     0.69274      -9.818    -0.57771     -2.0295      1.9129=0.4775,0.5225
0.38654     0.69274      -9.818    -0.57771     -2.0295      1.9129=0.49375,0.50625
0.38654     0.69274      -9.818    -0.57771     -2.0295      1.9129=0.49625,0.50375
0.38654     0.69274      -9.818    -0.57771     -2.0295      1.9129=0.4575,0.5425
0.38654     0.69274      -9.818    -0.57771     -2.0295      1.9129=0.45375,0.54625
0.38654     0.69274      -9.818    -0.57771     -2.0295      1.9129=0.4725,0.5275
0.38654     0.69274      -9.818    -0.57771     -2.0295      1.9129=0.5,0.5
0.38654     0.69274      -9.818    -0.57771     -2.0295      1.9129=0.49125,0.50875
0.38654     0.69274      -9.818    -0.57771     -2.0295      1.9129=0.46625,0.53375
