-3.8957      6.9653     -7.3204     -7.0414     -4.9584      5.6332=0.48625,0.51375
5.9375     -7.3085     -4.9143      -6.008      6.6355     -3.7275=0.45875,0.54125
-9.2865    -0.88266     -4.1821     -2.3877      2.4126      7.4297=0.46375,0.53625
-8.2776    -0.74494      7.8449     -3.8924      4.5714     0.78482=0.4775,0.5225
-0.45341     -2.4464      8.7146    -0.35075     -1.3309      7.4369=0.48,0.52
-2.7538     -6.6863     -1.4597       6.685     -4.8917      7.6795=0.485,0.515
-4.2289      6.2378      1.2691       3.748     -8.3006     -4.6495=0.4675,0.5325
0.76996      6.5103     -9.7768      3.7206      0.8339     0.87704=0.4475,0.5525
-1.6394     -1.1503      -9.719      1.8272      1.6309     -6.3598=0.48125,0.51875
7.9908      2.9318      1.0556     -4.6023     -9.4943     -9.3783=0.49375,0.50625
0.57314    -0.18368      2.2971     -4.4135      9.5237      5.5525=0.4825,0.5175
6.7783     -6.6801      8.2545     -5.8823       8.142      2.6493=0.4825,0.5175
-3.2764      3.4068      4.1164      7.9269     -3.2474      7.1568=0.48375,0.51625
-3.6977     -5.8154     -1.8911      9.6918      2.4697      2.1256=0.47625,0.52375
0.96182      4.3461      7.2706     -1.6276     -8.9646     -1.1703=0.48125,0.51875
5.5426     -6.5795      9.2662      4.7859     -9.2055      8.3292=0.4925,0.5075
-8.3608      6.9804     -8.6789     -5.4398      9.7897      -6.044=0.48625,0.51375
4.1933     -5.1664     -2.4889     -2.8567      7.6188       3.208=0.47,0.53
-3.1626      7.2016      4.3158     -7.1869      4.5153     -4.8692=0.49375,0.50625
-4.3667      9.6182     -9.9901     -1.1152     -4.9934      -3.062=0.46625,0.53375
2.6036     -6.2009      7.5322      1.3316     -6.1478     -8.2958=0.49625,0.50375
-9.7096       9.004     -5.3504     -8.1467    -0.43664    -0.92295=0.49625,0.50375
7.7903     -8.1512     -9.0955     -9.3393     -2.3249      1.5105=0.49375,0.50625
4.035      6.7176      6.9389     -4.2234      9.6438      1.3596=0.4575,0.5425
-5.6338     -3.0643       8.453      8.2642      4.1972      5.1895=0.4625,0.5375
6.7484      4.6208      7.3462    -0.76453     -2.9036      5.0873=0.45,0.55
-0.68435    -0.83986     -9.1706       3.586      2.6678      9.6645=0.47625,0.52375
5.7382      3.5891      8.4297      5.6782      7.8509     -8.4294=0.47625,0.52375
-0.87246      8.4643      4.8978     -2.1931    -0.19723      8.5275=0.48875,0.51125
-1.777      8.8316      3.9286      5.6023     -2.3117      -4.256=0.495,0.505
5.5189     -8.7054      3.9783     -5.5748     -1.6942     -8.7792=0.4975,0.5025
0.92074     -6.3044     -4.9715      5.9615     -3.3854      9.0441=0.51375,0.48625
1.5087      2.6828    -0.95304      -6.072   -0.092181     -8.0535=0.4875,0.5125
4.7337     -5.2161      7.4877      2.8289    -0.77372     -5.4088=0.50125,0.49875
-6.3143      7.8944     -9.3032      8.0285      2.3549      9.9625=0.4825,0.5175
-6.6767      3.1146      3.5059      4.1962      4.7233      -6.237=0.48625,0.51375
-6.0748      9.3206      5.3082     -2.0555     -7.0905      6.4911=0.485,0.515
7.8661     -8.1509       -5.76      2.0759     -9.5889      2.8539=0.50625,0.49375
6.2291     -4.5789     -3.0035     -5.5054    -0.55422      8.8639=0.46375,0.53625
5.3945     -0.4353     -5.4115      -6.565      -3.596      5.3657=0.49,0.51
5.2992      8.2491      9.3772     0.16652     -6.5717    -0.27716=0.98,0.02
-9.4884     -8.8262         5.6     -4.0739      2.6994      9.6677=0.475,0.525
-6.6869     -4.3348     -2.0252      2.8166      7.3107     -7.2388=0.47625,0.52375
0.61089      1.7677      7.4726     -5.5464     -6.3431      -7.669=0.4575,0.5425
-0.34255     -3.0802      5.2529     -2.0279      7.1339      9.5736=0.48625,0.51375
2.1039   -0.043203      5.0777     -1.4712      -7.073     -7.9087=0.4725,0.5275
-4.9425      1.7567      7.4765     -8.7983      1.2344      1.2906=0.49125,0.50875
-2.47       7.165      7.8722      9.8824       6.078     -2.8531=0.4775,0.5225
1.0395     -8.6648     -6.3286      7.8186     0.66184      2.5824=0.45875,0.54125
-0.75201      8.6074     -8.7382     -1.0222     -1.3349     -6.0064=0.49375,0.50625
-9.3724     -3.4357     -6.7977      7.3128      9.5388      8.8026=0.49625,0.50375
-8.6718     -2.4345      6.9913      7.4725     0.19852      3.2383=0.48875,0.51125
-6.492       7.215     -8.7719      5.5982      -4.876      -5.873=0.4775,0.5225
3.2129      9.2213      4.1405      8.1778     -6.1464      2.5904=0.4825,0.5175
2.3249     -7.4214      1.0061      3.3863     -4.4878      5.6122=0.4725,0.5275
-1.6757      2.4177      4.1123      2.7623      6.4017      6.5319=0.46875,0.53125
-8.9723      1.3893      5.9908      6.5526       4.521      6.2125=0.48875,0.51125
2.0879     -5.1665    -0.33761     -6.1648     -7.6477      5.7187=0.48625,0.51375
-0.14149      8.9654     -3.5591      3.3703      2.4957     -5.5219=0.46625,0.53375
5.6782     -6.7948     -7.9925      -1.753     -8.2947      8.2749=0.4725,0.5275
-0.44298     -8.6434      2.5698    -0.14438      4.4191      7.4394=0.48625,0.51375
-5.062     -1.9007      7.9813   -0.029752      5.3087      3.9096=0.48125,0.51875
2.6123      2.2703    -0.96585     -5.8184      1.1774      2.6161=0.46875,0.53125
2.9149      1.4686     -6.1591      -8.752      2.8374     -8.8353=0.47,0.53
5.6759      6.6931      2.4524     -7.9005     0.75433     -3.5456=0.46625,0.53375
-2.4273     -1.5837      7.4066     0.42429      -4.447     -2.4756=0.4675,0.5325
4.9086      7.6693     -1.3396     -1.6837      6.6199         2.1=0.4425,0.5575
-2.7555    -0.30747      2.6606      3.7902      2.7791      9.3372=0.48375,0.51625
3.1267      5.9756      5.2354    -0.95484      3.2711     -1.7066=0.48125,0.51875
-6.2436      5.7776      8.9316     -9.0976      1.4121     -6.2524=0.4725,0.5275
1.0076      6.1404      4.2641      8.8847      7.2796      -9.773=0.4625,0.5375
-8.5201      6.5292     -4.6021      -6.965     -9.8423     -6.7707=0.5025,0.4975
8.5561      -9.638     -4.0783     -3.2063      4.0651      2.0014=0.47,0.53
7.6377     -7.2293      3.3456     -7.4526      6.8695      6.1446=0.49875,0.50125
0.4061     -9.5607      1.2347     -9.7828     -5.3094    -0.16394=0.47625,0.52375
5.6663     -3.0923     -1.2299      9.9187     -5.4794     -4.7019=0.48625,0.51375
2.9338     -8.1736     -4.0457     -5.0379      9.9846     -9.1067=0.47125,0.52875
8.4094     -9.0673      8.2791      5.8818      -1.639     -6.1592=0.47375,0.52625
3.6684     -9.5808      4.3586     -2.4905      2.3453     -4.9668=0.48,0.52
-9.8516      4.3123     -1.2931      4.7307      4.1471     -3.6342=0.45375,0.54625
-2.4719     -3.3699     0.92844      7.1007     -2.5324     0.22257=0.4625,0.5375
-1.1903      4.1773     -7.4016       4.664     -3.9248    -0.74759=0.5225,0.4775
1.8067     -8.9806     -8.9198     -4.8351      2.8519      4.6931=0.4675,0.5325
-1.5565     -6.2764     -7.1269     -3.6996     -4.1663      1.7926=0.4825,0.5175
-1.3585      8.9423     -7.5103     -2.9644     -9.1409      5.3514=0.48625,0.51375
-9.2166     -5.4573      9.1928     -4.7043      2.1949      3.8849=0.4725,0.5275
3.6104      5.0226       3.618      8.6358      8.7488     -5.8143=0.47625,0.52375
6.4949      5.5969      7.4859     -8.6413    -0.16343    -0.68659=0.48375,0.51625
-4.0011     -9.6391     -9.3442      6.1437      9.0099     -2.5257=0.48875,0.51125
2.6281    -0.33525      5.7377       8.817      7.3398     0.29068=0.51,0.49
-2.9437     -4.8198     -1.3019      -1.192       5.254      3.4024=0.4775,0.5225
2.0969     -2.3824     -4.7746     -9.8198     -1.4673     -7.6198=0.475,0.525
-0.86582       7.889     -1.4421       3.999    -0.32563      4.2303=0.4725,0.5275
-5.4993      7.0592      7.8677      1.4136      7.4483      8.4548=0.4975,0.5025
8.2351      1.9559     -9.4131      2.7527    -0.10869     -8.9389=0.47125,0.52875
7.8372     -4.1942      6.0108      9.4541      4.1118     -4.3191=0.47875,0.52125
5.6848      4.3097      1.1774      7.4266     -5.0269      -6.642=0.4675,0.5325
-6.2458     -2.6189    -0.12328       6.291      8.5566     -6.0508=0.49125,0.50875
-3.584    -0.20224      5.3313     -4.8757      1.1714      4.0038=0.49625,0.50375
-0.22362     -5.1178      6.7905      7.6283     0.34744     -1.3592=0.44375,0.55625
0.78131     -6.4317      6.0561     -4.1365    -0.49762      3.6084=0.50375,0.49625
6.2708    -0.37698     -6.7641     -3.4271     -3.9782     -4.2736=0.48875,0.51125
9.1203     -9.8587    0.030567     -5.9239     -7.2147      1.4981=0.46125,0.53875
-5.0213     0.41665      4.0145      5.0259      1.2764      6.8151=0.48125,0.51875
7.8506     -1.1685      9.8949      4.5943     -4.3664      8.3682=0.48625,0.51375
5.0729     -4.6157       3.494      9.5101     -3.1172      9.6406=0.47875,0.52125
-0.45059      9.3375      2.0243      5.2775      3.9572     -3.5299=0.4675,0.5325
8.3174      4.6728      2.8199      5.3446     -1.9696     -4.2505=0.48125,0.51875
-1.2971      1.0799     -5.2742     -7.2351     -2.4221      7.4002=0.46125,0.53875
8.4443     -8.0256     -1.4057      4.5421     -7.7938     -1.7305=0.48625,0.51375
4.8378     -5.4647     -3.1528      4.4206     -2.7107      7.2531=0.4875,0.5125
0.75726     -5.2694      2.7611      2.6121     -3.1803      5.4052=0.48875,0.51125
-5.0379      8.5185     -6.9103      -2.746      5.8303      3.2774=0.47,0.53
9.3497     -2.1791    -0.51895      6.7411      6.6623      8.9618=0.47125,0.52875
-7.3441     -5.2665    -0.59136     -5.3048      4.1838      3.3064=0.49625,0.50375
-3.1221     -2.9819     -4.7407     -7.2286     -7.8791     -3.7186=0.465,0.535
7.6401      5.6742    -0.36033      1.3744       2.135      2.5688=0.48625,0.51375
2.6563     -9.2553      6.8899     -2.4187      6.8371      8.2967=0.45625,0.54375
-5.4428      6.9635     -5.0096     -5.9273      9.1965     -2.8922=0.48625,0.51375
1.7931     0.65341     -1.0023     -4.1523      8.4407      4.1885=0.48625,0.51375
-7.2609    -0.67763     -4.3088      6.2729     -9.2523     -5.1783=0.4875,0.5125
0.20605     -2.3679     -7.9948     -3.4442      1.2705     -4.6034=0.49375,0.50625
2.5644       3.733      4.1883      8.5095   -0.063949     -1.4597=0.48875,0.51125
4.8904     -6.4617     -3.4382     -9.6247       -4.52     -6.6333=0.485,0.515
-3.3168     -5.4439      6.4597     0.23836     -1.6271      -5.421=0.47375,0.52625
-7.6022     -2.3311      6.9016       5.349     0.25015      5.5488=0.4625,0.5375
2.5166      -4.986      7.0095     -3.1934      4.7249     -9.4044=0.48875,0.51125
2.4767      1.5624     -1.7984     -4.0461      1.4994      -5.108=0.46625,0.53375
2.6854     -5.4884      2.6925       8.514     -6.6749     -9.4923=0.46875,0.53125
-9.0722       -2.24     -6.9092      2.6208      -3.786     -4.4499=0.47125,0.52875
-6.987      7.2686     -4.7264     -1.7494      2.3587     -6.3996=0.47625,0.52375
3.5563    -0.79061     -9.5912     -8.7935      3.1414     -2.7512=0.465,0.535
8.5794      5.4361     0.99252      9.9187     -4.1909      6.2245=0.48625,0.51375
-1.1103     -9.8021      5.5306      3.1116     -2.6826      4.3067=0.48625,0.51375
-6.8238     -1.7825       7.335      9.4339     -4.8354     -2.7752=0.4925,0.5075
-1.5147      5.4458      4.6221      1.8256     -7.9989     -0.5204=0.48125,0.51875
4.1644      2.6357     -3.0152      3.2773    0.098997     -5.3739=0.465,0.535
-1.8935     0.97347     -7.5611    0.068992      5.8304      1.6539=0.49625,0.50375
0.55724     -4.6065      -1.804     -2.1962      5.3011     -9.2361=0.4825,0.5175
-1.6891      9.8676     -7.2682      1.7096     -7.7483       1.609=0.495,0.505
-8.6642     -4.6563     0.24598     -2.2629      6.2376     -8.3984=0.47875,0.52125
0.47225      9.4403      3.7328     -9.4403     -9.2966      9.7523=0.5025,0.4975
6.1491     -8.8164     -6.5159      7.0576     -7.9946     -3.2104=0.4775,0.5225
0.79049     -6.2732      6.8283     -8.7926     -3.4445      5.5746=0.46875,0.53125
6.6667     0.80448      3.2766      7.9214      5.1874     0.23076=0.48875,0.51125
0.52359     -2.5528      6.4199      3.7895     0.12544     -5.6037=0.48625,0.51375
-0.18257    -0.32941     -1.5026     -2.3871     -8.4205      4.6816=0.5075,0.4925
1.7808      6.0926       3.767     -2.6312      -1.612     -8.2572=0.49875,0.50125
-9.2869      5.4688     -5.0056      6.3937     -8.8274      7.3046=0.48375,0.51625
-2.8199      4.8833    -0.43712      4.9224     -1.1346      8.5047=0.4975,0.5025
-8.5038      4.4257     -3.3404     -3.7717     -9.5259       7.455=0.505,0.495
9.5882       9.556     0.79489      2.4284      5.0423     -8.4527=0.47875,0.52125
0.96331     -7.1777       3.376     0.99725      8.3936      3.0828=0.4725,0.5275
-6.5644     -3.6337     -8.0282       6.101      5.3739     -5.2373=0.47875,0.52125
-3.1028     0.15192    -0.26257    -0.54251      1.8521      7.4863=0.46875,0.53125
4.9788      9.4771     -2.3939     -6.8383      1.7314    0.074526=0.69375,0.30625
1.2892     -6.3123      8.5481      2.8825     -8.6748      8.7257=0.4825,0.5175
9.7849      2.5157      5.5139     -2.0368     -2.2822     -9.9873=0.47375,0.52625
-0.88714     -1.7716     -8.1053     -2.1546     -6.1141     -3.5599=0.51375,0.48625
-0.3799      4.0056       3.293      8.2926       3.737      -1.845=0.49375,0.50625
-3.4601     0.74906      3.6249     -5.5267      6.9361    -0.46527=0.46,0.54
6.0337     -1.2424      -5.053      6.6933     -6.8376      7.1279=0.46875,0.53125
6.111      0.4089     -7.7598      4.0271      3.1541      2.5541=0.51,0.49
-0.84895     -2.0303      1.4425     -1.8616      3.0282      -7.254=0.48625,0.51375
2.7005      9.4915      3.6717     -5.9768     -4.9936      4.3612=0.4825,0.5175
-0.41916      7.4756      3.7385      6.1357     -6.8697      8.0948=0.48125,0.51875
9.3953      4.1956      2.3611      7.3896     -4.1817      7.9641=0.45625,0.54375
-2.679      5.0937      3.6426      5.3343       8.334      8.1964=0.4775,0.5225
8.3414       6.215      1.8365      9.6279      1.8023      1.8626=0.4525,0.5475
-8.8241      1.8625     -8.8234     -2.6626      3.9616     -3.2977=0.4625,0.5375
-8.0625      -6.659     0.81985      9.5633       6.348      9.6338=0.47,0.53
2.3139      3.3163     -3.5353       8.407      2.8081     -8.8514=0.4625,0.5375
4.9854      9.4508     -1.0893     -4.8312      -7.061      6.0863=0.4875,0.5125
-0.42934      9.9737     -5.9386      2.8286      9.3087     -3.0638=0.48,0.52
-1.9611      9.4398      6.6198      7.9829     -5.0074     -2.7775=0.46625,0.53375
6.2475      8.6828     0.24061      0.1874      2.4644    -0.68667=0.48375,0.51625
0.0054714     -9.2864      6.3017     -2.9627      6.4241      9.1512=0.48875,0.51125
-9.6037     -4.3104        6.14       6.552      2.7565      1.1994=0.49875,0.50125
8.9013      5.8937     -0.2246      2.6136      2.7988     0.57891=0.46625,0.53375
4.0181     0.97818      6.9536      3.0812      2.9956      7.9493=0.47625,0.52375
9.1183     -9.3906      9.5716     0.17492     -2.2522      7.0723=0.47875,0.52125
2.1603      4.4176     -5.5859    -0.55557      5.6723      0.8985=0.48375,0.51625
-1.744     -1.0137       6.716      1.6286      4.9378     -7.0002=0.495,0.505
-6.2808      1.5061     -5.1702      5.5389     -2.1023      5.2946=0.48125,0.51875
-8.2602     -5.9389      8.0213     -1.5607     -9.7287     -9.9212=0.45875,0.54125
3.8787      8.2671      3.6056     -5.9071      -2.564       7.545=0.47375,0.52625
-2.4408    0.061356      5.7016      3.1756      2.0576     -7.2442=0.49125,0.50875
1.0837     -2.8948      5.6702    -0.72374     -9.0193      7.4191=0.47625,0.52375
4.2309     -2.0723      8.8942     -4.8788      5.9858     -5.7137=0.5075,0.4925
-0.12964      8.9296     -6.5157      3.0084    -0.64019      -7.855=0.4875,0.5125
9.7353      -4.338     -5.1922      1.7259     -2.2266     -2.7297=0.48,0.52
-9.3853     -8.7596     -4.7992     -2.1641     -4.4884    -0.82283=0.465,0.535
-3.447      9.0874     0.19888      6.8944     -9.5909       4.616=0.4675,0.5325
7.1187      1.8263      -5.089      -3.377       9.285      5.7303=0.48875,0.51125
-4.5629     -9.3463     -2.2399     -9.0732     -6.3768     -6.2264=0.4825,0.5175
6.3783      -4.056      6.1239      4.4142      5.3131     -9.5592=0.46625,0.53375
-9.8411     -3.8557     -6.6096     -7.6922      8.4781     -9.0208=0.47375,0.52625
1.014      9.4711     -7.6386      9.2272      8.6623      5.1796=0.48375,0.51625
0.52102      3.1075     -7.8531      9.1782      6.5885      9.7326=0.4625,0.5375
-5.6161    -0.28618     -4.3034     -1.4944      3.9029     -1.5488=0.485,0.515
-7.9193    -0.87718     -8.3193     -2.8742     -4.4154     -2.6606=0.4925,0.5075
3.4083      2.8812      2.1339     0.45752      5.0212      5.4932=0.485,0.515
7.7962      3.3363      5.0656      2.9709      5.3849     -7.0351=0.49,0.51
6.5572      4.5194      6.5189      9.1025     -4.1643      5.4229=0.445,0.555
1.2952     -8.5609      -7.513      7.4376       2.856     -3.5391=0.46,0.54
-9.9396      3.8649      7.1809      -2.788      2.4717      1.7969=0.45125,0.54875
2.6561       7.364     -0.1956      2.5816     0.18502     -5.4326=0.46875,0.53125
8.8535     -8.6677      7.8985      7.1591     -9.7614      1.6623=0.50125,0.49875
6.8407     -9.4345     0.31456      4.9589      8.7498      8.1593=0.4725,0.5275
-4.0226       4.278     -2.3314     -9.8452      4.5025      2.9192=0.48625,0.51375
-2.5889      3.8869      3.7291     -9.1191      9.0415     -8.4108=0.47125,0.52875
1.0235      9.1529     -5.8162      2.7771      3.7005     -2.7228=0.4675,0.5325
-2.0066      3.2389      4.1346      5.5052      7.6356     -8.4561=0.49125,0.50875
2.4143     -4.7856      6.9547      -5.578      1.8395      7.2558=0.485,0.515
-1.7088      4.9961     -3.8811    -0.46263      1.1543      7.1238=0.48875,0.51125
-6.4582     -9.7759     -2.0381     -3.9298     -8.4164     -3.2769=0.48875,0.51125
-6.2208      4.7489     0.50214     -6.9245     -9.9002     -6.6173=0.485,0.515
1.0953      7.3758      1.3636      2.0776     -9.6471     -8.5967=0.4825,0.5175
2.2414     -2.5682     -2.8346     0.62682     -6.9478      3.2849=0.5075,0.4925
-0.033781      -3.017      -4.353     -6.4148      9.3621      1.1678=0.495,0.505
-0.50081     -9.1409     -5.2459      9.8005    -0.41242      4.5999=0.47,0.53
-8.3826      6.3029      2.8122      2.6256     -7.8214     -9.7336=0.4825,0.5175
-1.0891      3.3427      1.9386     -8.9963      3.8044     -6.6994=0.48,0.52
-3.2287      2.5305      4.0466      7.6928     -2.7285       1.644=0.50125,0.49875
-6.0091     -8.1351     -3.2775      1.6962      5.2024      8.0421=0.495,0.505
4.1239      7.5356      5.8559      3.8345     -1.7829     -5.3275=0.49375,0.50625
-8.9652     -6.8761     -4.0011      5.5685      4.9009      3.6208=0.5075,0.4925
-5.6853     -7.8405     -1.1316       3.153     -6.9379     -6.6645=0.47125,0.52875
-1.581    -0.55681      6.7649     -3.1638     -6.7483      2.7009=0.47375,0.52625
-3.1051   -0.000102      5.9633     -2.8035     -7.8748      6.4249=0.48375,0.51625
0.81641      7.9331      3.8087      7.6163     -7.7006      7.9581=0.48625,0.51375
-7.2037     -2.9122      8.8143     -0.5571      7.8251     -3.6801=0.4875,0.5125
-2.2253      3.6137     -3.8101     -8.2168      8.5299      5.0484=0.4775,0.5225
-3.0451      3.2517      3.0257      5.1023     -6.8032      2.0468=0.48,0.52
8.0639     -2.0649     -1.3251      2.8405      2.6581      8.3604=0.4725,0.5275
-1.9632     -5.1125      9.7434     -8.0056       2.214     -4.1386=0.46375,0.53625
4.416      6.6483      7.5192    -0.98595    -0.56186     -1.5478=0.47375,0.52625
-9.1651     -5.9527      4.1294     -6.9396     -7.8265      1.5933=0.48875,0.51125
8.0598     -1.3689     -1.6872     -3.2039      -9.414      7.0888=0.4775,0.5225
0.31082     -4.3186     -7.2647     -1.6947      4.3675    0.010311=0.47875,0.52125
9.837     0.77771      -8.736     -2.0498      8.7399     -7.3181=0.48375,0.51625
1.3523     -6.4036     -2.2612     0.24309     -7.4268     -8.0947=0.49875,0.50125
3.2287    -0.67228      7.0524     -6.9266      2.7792      7.4179=0.4925,0.5075
-0.79682     -5.1525      7.7302        -9.7      6.2236     0.72286=0.4925,0.5075
0.84593      2.1248     -2.2116     0.98435     -4.0306      4.3423=0.4725,0.5275
8.9847     -9.8264     -7.7298      7.5835     -1.7591      4.2773=0.46875,0.53125
-3.9385      8.8465      0.7873      4.4002    -0.89882     -7.6659=0.4775,0.5225
-0.5038     -3.6038      5.4633     -1.8442     -5.2305      6.3448=0.49,0.51
-3.408      9.6762     -8.2042    -0.37534     -5.8847     -1.8611=0.4775,0.5225
1.9198      6.1325      4.4399     -3.4386     0.69481     -7.9188=0.49375,0.50625
5.1348      -8.737      4.4451      3.7655      1.6593   -0.064058=0.4925,0.5075
1.3773    -0.24821     -4.5424      3.5107     0.65638      7.5581=0.49625,0.50375
4.9718     -2.7249    -0.44814      6.1749     -9.8821      -6.924=0.46125,0.53875
-3.0319     -7.4824     -7.9283    -0.66239     0.79203       9.369=0.48375,0.51625
-4.4892     -7.7645      5.0451     0.71068      4.8858      2.4109=0.5075,0.4925
4.8583     -6.0382      -1.463      7.0797      6.2253     0.72209=0.485,0.515
-0.75979     -7.4449     -8.7567      8.0832     0.41888    0.095317=0.4625,0.5375
-0.91432     -4.7138     -1.8126    -0.24525      6.6031     -3.8357=0.49625,0.50375
-1.5471    -0.61136     -1.9769      7.5581     -2.7887      4.7354=0.48625,0.51375
4.4213      3.8142     -3.5793    -0.46133      5.9317      9.1918=0.32875,0.67125
-8.319     -9.2818     -2.5386      1.0029     -3.4819      8.5943=0.48375,0.51625
-4.5176     -3.5277     -5.6588      9.5785      9.1968     -4.4573=0.48375,0.51625
0.6056      2.1311     -7.3041     -9.5241     -1.7722     0.67802=0.46625,0.53375
-9.4557       6.095      2.2228    -0.23162      3.4722     -2.6003=0.4725,0.5275
0.13652      4.0647     -8.7911     -1.5456      8.6235       -5.04=0.47375,0.52625
-3.8366     -6.4856     -5.1667    -0.70478     -1.9626     -8.6057=0.48,0.52
-1.4357     0.46736     -9.2254      9.9168      -4.652     -6.6698=0.49125,0.50875
-3.5811      9.5992     -5.3817     -9.0257      -3.985     0.49078=0.4975,0.5025
-2.7246      5.9197      2.5168      7.6031     -5.0723     -4.9339=0.4725,0.5275
9.1569     -1.2234     0.20397     -8.7816     -6.6948     -6.1429=0.5125,0.4875
-4.9543      3.9049     -3.4107     -4.5547      5.9403     -9.0897=0.48875,0.51125
8.0485      8.4482     -3.9187   -0.072672      6.5188      4.5152=0.465,0.535
-7.4369     -2.2492       2.433     -9.6818      3.8807     -1.4133=0.47875,0.52125
6.8032     -1.7105     -2.4214      9.5307      3.7348     0.71193=0.48875,0.51125
2.7427      6.7594     -7.2586      -6.153     -8.2808    -0.49572=0.47125,0.52875
-9.8774      1.8365      3.2577     -3.4228     -4.1349     -6.7604=0.4675,0.5325
7.6233     -4.5212     -8.9824      7.3372     -8.4038      3.8474=0.485,0.515
-3.5961      9.1283     -6.0986      7.7291     -8.8533     -9.3768=0.4875,0.5125
0.94341    -0.21236     -9.7732      3.6035     -9.1372      7.5185=0.48375,0.51625
-2.6949      8.7802     -1.5886      7.9442     -3.0083       9.279=0.49375,0.50625
8.3889     0.89467     -9.1551      5.0407     -8.4795     -1.8761=0.4875,0.5125
-7.8354     -4.9829     -4.1318     -1.2574     -6.2032      4.5369=0.4625,0.5375
9.7588     -6.6295     -7.9103      -1.936       2.283     -4.8227=0.4775,0.5225
9.1575      -5.001      9.2541     -1.8865      9.5985      3.5395=0.47875,0.52125
5.2316     -1.0391      9.6708    -0.46317     -9.4311     -6.9255=0.49,0.51
3.4818   -0.099506      -5.592     -4.7372      4.7754      7.9157=0.4775,0.5225
-4.2289   -0.038793      1.8545      8.6637     0.33842     -2.7573=0.47625,0.52375
0.63919     -1.2162      9.1071     -2.4812       9.554      1.9344=0.47375,0.52625
-7.3981     -2.0455        1.38      1.5847     0.21112     -3.8494=0.4925,0.5075
1.2871      3.2499      1.4592    0.097796     -5.6623      8.1364=0.97625,0.02375
-2.2909     -6.1828     -6.6972     -4.4208     0.53128      6.1032=0.46875,0.53125
-2.0421     -1.8261      3.1716     -2.1688      -8.911     -9.1808=0.47,0.53
9.5277      8.9772     -7.5261     0.86968      1.4896      -5.918=0.47625,0.52375
-7.9875      4.3337     -6.7835      8.1726      2.6175      2.0492=0.46875,0.53125
6.2719     -5.5528      1.5395      4.2856       7.055     -5.5669=0.47,0.53
-5.6213      4.6041     -4.7692     -7.3278      9.8154      8.5177=0.49125,0.50875
-6.8929     -2.2664      2.1209      6.9924      8.3306      3.1378=0.4975,0.5025
8.4561      -3.531      4.8526      6.0991     -8.8015     -5.0817=0.515,0.485
-8.4818     -7.3112     -8.9982     -5.8098      6.3189      5.6495=0.4775,0.5225
9.6351     -6.0273     -2.6718     -9.9711      3.6045     -9.3951=0.4775,0.5225
-9.0029      9.7522      4.6626     -1.5557     -7.5255      3.7961=0.5,0.5
2.0911      1.2738      -2.668     -7.2642      2.3039     -2.3544=0.46375,0.53625
-0.90011     -4.1408      6.0309      8.2086      7.8754      3.7642=0.4875,0.5125
2.2405     -7.6407     -3.7416      8.4702     -9.7094     -0.4481=0.4625,0.5375
-9.656      8.5497     0.48956      8.4438      3.7646      6.1941=0.49375,0.50625
-7.6371      6.5821      6.6359      6.9704      -6.401      1.7412=0.4875,0.5125
-3.5152     -5.3492      -1.285      1.2179      4.5575      -2.089=0.46875,0.53125
-1.9928     -4.5076      1.9941      9.2103     -5.0113      7.0924=0.51875,0.48125
-3.7226     -5.5736      4.6762      8.5188     -4.3419      1.6491=0.4825,0.5175
-1.4138    -0.18028      5.6457     -2.5115     -6.4381       3.339=0.47125,0.52875
-7.8047      1.4814     -1.2526    -0.75933     -2.5101     -7.8038=0.4675,0.5325
2.1328      -7.564   -0.077954      4.7128     -9.7296      7.0212=0.5025,0.4975
-2.1615      2.7906      7.8828    -0.65596     -3.5141     -6.3286=0.49,0.51
-6.0013      6.0913     -7.9774      6.4206     -2.9375      8.3494=0.49375,0.50625
-0.93942      8.2498      -4.727      1.9206    -0.39597     -6.9539=0.48625,0.51375
6.6911     -1.0677     -7.9745      8.1303      5.2651     -3.5877=0.4775,0.5225
8.3057      1.0912     0.65516     -1.0888     -9.3602     -1.7932=0.47875,0.52125
-5.9641     -6.7899      7.5459        5.83      1.3618     -9.2932=0.4675,0.5325
6.3272      4.0952      3.9859     -2.9546     -1.3683      4.5712=0.46375,0.53625
7.546      6.5412     -6.8281     -7.2187     -9.2478      -2.775=0.485,0.515
1.3797      7.2764      1.7588      2.2039     -3.8683      7.4538=0.4875,0.5125
9.5898      8.2659      -8.779      3.1993     -8.9747     -1.7436=0.46625,0.53375
8.5541      2.2589     0.23247     -9.6087     -3.9533    -0.76664=0.4925,0.5075
5.7332      1.4487     -8.2541     -9.9164      6.1276      2.7205=0.50875,0.49125
-7.8336      3.8793      6.7711     -8.6581      6.5245     -8.1897=0.47,0.53
5.1288      -4.359      7.9409       6.367     -0.6404      4.6931=0.4775,0.5225
6.1084     -3.2498     -2.2843    -0.44495     -7.2091     -4.8647=0.45125,0.54875
-4.1561      2.0309      2.7549     -5.1021    -0.42931      1.1419=0.48,0.52
-0.78229     -4.5113     -9.5686     -5.8827     -8.4561      0.7661=0.4775,0.5225
7.575      2.5304      7.2923     -1.9189      2.4374    -0.71644=0.495,0.505
-4.8055     -1.7213      9.3479     -4.6966     -2.4067     -6.4341=0.46,0.54
-3.1545     -6.8291      1.4996     -9.2859     -1.8471    0.028326=0.4875,0.5125
0.80466      7.9715      6.6138     -7.7247     -1.3235     -5.3925=0.46125,0.53875
8.1771     -3.0124       5.015      8.6107      1.0584      -2.676=0.47875,0.52125
-0.7769      -1.752      1.6365     -7.9422     0.85535      8.2514=0.475,0.525
8.9064      5.0023      5.0444      1.8279      5.9421      6.0867=0.4825,0.5175
4.9775     -9.9937      7.3327      2.8697     -9.7412     -2.9165=0.49375,0.50625
2.4583      4.3572     -3.1627      4.2939     -3.7589     -7.4078=0.4875,0.5125
6.8941      7.1118      9.3139      9.1923      9.1669     -4.8511=0.47625,0.52375
-3.5624     -9.8917     -3.6603      8.1631      -8.041     -0.3259=0.48,0.52
3.2333      0.3304      7.0207     -1.1283      1.0317      7.8054=0.495,0.505
-5.0607      8.6396     -9.9241     0.92253     -6.3703     -8.6477=0.47875,0.52125
-0.052849      4.9537     -5.3772     -3.2698     -7.9961      5.7372=0.50375,0.49625
-1.5378      8.3728      8.9626     -9.4326      5.6729     -3.8738=0.4725,0.5275
4.3007      3.2927      4.1437     -1.8714      3.5721      2.1712=0.49375,0.50625
8.8449      2.3114     -1.6562     -1.2427     -4.3891      3.8781=0.48875,0.51125
3.1391      3.9304    -0.45772     -7.9856     -6.4633      1.1516=0.47375,0.52625
7.7898     -6.8537     -8.4521     -2.6241       5.296       -3.72=0.49625,0.50375
-6.051     0.28537     -9.4556      1.9644     -5.6541      6.9019=0.48,0.52
9.3353     -6.4013     -1.2721     -3.3773     -2.7644      4.2059=0.4975,0.5025
1.5902     -6.6326      2.4524      5.7052       9.705      7.5939=0.48875,0.51125
7.0773      8.3786      4.6323      0.6422      7.8765      2.4087=0.42125,0.57875
-4.8463     -7.8913     -4.9199     -5.0373       4.764      3.1379=0.50625,0.49375
2.0366      8.9839     -1.3274      1.3778     0.28572      6.0585=0.485,0.515
-2.4175     -7.8699       4.747     -8.3459       4.348     -5.2123=0.47625,0.52375
3.5564       9.564       5.017     -8.5196      2.8114      5.7224=0.47125,0.52875
-1.7933       9.196     -7.3505      -7.317      6.0994     -1.6719=0.49625,0.50375
-3.9114      3.5144      1.4473      8.7149      8.3393     -7.8722=0.44375,0.55625
6.3942     0.95123      -6.279     -9.7348       9.903      4.6517=0.485,0.515
7.6275      6.5056      8.5795     -1.6714     -4.0837     0.41184=0.47,0.53
-5.0835      7.7507       2.015      -4.343     -4.8536      7.9084=0.48875,0.51125
3.7427      4.1898      -8.475      5.6694      6.7807    -0.14494=0.5,0.5
3.3563     -3.5111      6.7895      7.3004      2.8747     -3.6313=0.47625,0.52375
-9.2196     -9.1908     -8.9548     -5.5834     -4.4011     -4.9731=0.4725,0.5275
-7.6705    -0.32288       9.495     0.24959     0.10166    -0.67572=0.47,0.53
-4.2767      5.8392      4.3468      1.9339       2.914      8.6568=0.47,0.53
4.4498     -6.0091     0.38575     -5.8584      -6.839       2.587=0.48875,0.51125
-7.8232     -4.7224     -9.6218      -8.104     -2.2876     -1.0307=0.4675,0.5325
-7.6144     -5.1631      7.8714      3.8487     -7.5842     -4.1277=0.49875,0.50125
6.4226    -0.20375       9.139     -4.7439     -3.7233      6.5744=0.49,0.51
-4.6315      7.2516      8.5291     0.18614     -7.1507       7.208=0.46875,0.53125
4.0309     -8.4139      1.1521     0.36679    -0.15754     -5.1404=0.49125,0.50875
3.6736      2.5969   -0.067117      9.3971     -9.0472      7.6919=0.485,0.515
7.0163     -3.4931     -2.0184     -8.0706     -6.9145      4.0244=0.46625,0.53375
0.84661     -9.4357    -0.62671     -3.2977      1.8848     -2.1603=0.47625,0.52375
-9.1849     -8.1003      4.2805      2.1703     -6.1297     -2.4735=0.4675,0.5325
7.6063    -0.84786      -9.324     -9.6196      0.5963      4.3253=0.50875,0.49125
-5.8449     0.36555     -9.6945     -5.6032     -8.7812      1.7281=0.45625,0.54375
-0.27602      6.4717      5.7202     0.93681       3.682      8.2895=0.49125,0.50875
5.9048      4.2512      6.1684     -6.7763     -6.1798      4.8023=0.47125,0.52875
2.659     0.51104     -7.2053     -5.1593     -3.0771     -7.6653=0.48125,0.51875
8.4931       4.392     -9.8344     -2.0587     0.61021       4.309=0.4925,0.5075
-1.0464     -4.0414     -1.7066      7.5456     -7.4587    -0.29077=0.45375,0.54625
-1.9193      9.0493      4.1986     -7.0337      9.1702     -9.0983=0.4525,0.5475
8.5916     -2.3751      3.9378     -4.9351      9.4459      7.5354=0.47375,0.52625
-2.1823    -0.56334     -9.2456      3.0417     0.48145      8.6907=0.4825,0.5175
1.8557      4.2464     0.63682      3.5288      -3.295       -7.86=0.49375,0.50625
-9.5185     -3.9716     -5.8316      5.8023      8.5246   -0.040212=0.48,0.52
-1.3597     -4.4603      6.6799       -3.23     -6.2824      -1.461=0.48875,0.51125
1.0328      9.9639      8.5065      6.5391      9.4926      4.5139=0.49125,0.50875
5.9372     -8.2108     -4.4414      7.2282     -5.3024      1.4388=0.46625,0.53375
-8.5733      1.0081     -7.2548      6.6684      6.3193        -5.9=0.4675,0.5325
-5.4743      6.1427      5.0841     -4.2175       1.776      5.8232=0.48,0.52
6.6706      3.5964      1.1568    0.061061     -7.4359     -8.6231=0.48,0.52
2.1139     -6.0397      4.4595      7.2569      -6.106      2.4415=0.47375,0.52625
-1.5045     -5.7903     -4.6314     -4.4853     -3.8022       5.526=0.46625,0.53375
-5.6819      0.4586      6.0079     -3.8052      2.1292      5.8984=0.49375,0.50625
-5.4135     0.17179      -4.256      9.3371      8.4586     -1.1323=0.48,0.52
2.2569     -3.9091      4.7513     -1.2194    -0.98688     -4.1566=0.46625,0.53375
-1.8792      4.7768       -2.79     0.12564     0.45163      8.5595=0.4725,0.5275
-0.23072      2.1023    -0.14083     -6.7749     -1.6184      3.6351=0.47875,0.52125
6.7008      4.6023     -9.4627      -7.372      -1.446      4.6412=0.48,0.52
7.3688       -1.91      9.4606      2.2237      6.0017      7.5509=0.49375,0.50625
0.16884      9.7622     -1.2317      4.7285       4.841      -7.636=0.46125,0.53875
-4.9497      4.2812     -8.3636     -2.5634       7.478     -1.1188=0.45625,0.54375
0.93407       3.084     -7.3914     -9.0833     0.65781      5.7543=0.4875,0.5125
0.25879      3.7302     -7.3441     -4.9554   -0.022212     -8.3134=0.475,0.525
8.8702     -1.0064     -1.9793     -9.3998     -8.7803      -2.431=0.47125,0.52875
8.7782    -0.28122      8.5938     -9.5936       6.584     -6.8436=0.4825,0.5175
6.517     0.91862      1.1003      5.8775       2.705     -9.1654=0.4825,0.5175
1.5545      1.7757     -8.6782      4.4584      3.6485       2.959=0.475,0.525
-3.1118      1.6883     -1.7454     -8.4305     -1.1964     -4.5973=0.4925,0.5075
6.9511     -2.2811     -1.5529      9.5188     0.21885      1.3498=0.46125,0.53875
-4.6912     -9.5153      8.6502      1.7175      3.2328     -2.8542=0.47,0.53
-8.1524      1.8026      2.7419       3.476     -5.1485      4.3916=0.4775,0.5225
-5.1371     -9.1079      6.8105      7.1289      1.7398     -6.0892=0.47625,0.52375
8.8242      1.5854     -2.1011      9.5767     -1.7745      2.3426=0.46,0.54
5.3295      3.7515      3.3937    -0.45724      4.2724     -6.7542=0.46375,0.53625
-8.395    -0.86863      7.9056      4.1225     0.38961     -5.0957=0.5,0.5
-2.8388     -7.9295     -6.7904     -7.8013     -4.6842         1.1=0.49625,0.50375
5.628   -0.017156     -4.8554     -2.2437    -0.54256      3.8307=0.485,0.515
-1.4315      1.6896      4.6792     -2.5443      9.5069       0.291=0.4625,0.5375
2.7988     -6.4307      5.5783      -7.246     -5.5563     0.52806=0.49375,0.50625
-6.3022      7.0537     -1.2842      4.4371     -2.2785      7.8712=0.47125,0.52875
-3.7255      1.1314     -1.2556      5.7731     -6.3847      2.9089=0.49875,0.50125
-9.7229      4.8836      7.0614     -7.2784    -0.75439     0.36334=0.48,0.52
-2.5439     -3.3641      1.2798       7.637       1.839      2.0163=0.4975,0.5025
3.5122      4.5929     -8.2408      9.2056     -7.8802       1.908=0.475,0.525
8.519     -6.5585      9.2121     -8.6173      7.2162     0.66819=0.49375,0.50625
-5.8776     -3.8256      2.0183     -1.2299     0.83045      8.4938=0.4675,0.5325
-8.7864      7.7684     -4.0151      9.0871     -7.9196      -2.459=0.495,0.505
-9.4803     0.76459      3.8815       3.613     -6.5908     -1.3713=0.49,0.51
4.1405     -2.8792      8.5986     -9.5556     -1.7544      2.1638=0.485,0.515
-7.076     -5.8006     -3.3825      6.7539      7.6367     0.97238=0.47875,0.52125
9.3596       2.016      7.7187     -5.4293     -3.7993     -4.9988=0.48125,0.51875
-8.5704      7.7711       3.754     -1.7833      2.2741      -2.513=0.4825,0.5175
1.3293     -2.9918      9.3342     0.46895     -5.9261        6.62=0.48875,0.51125
-8.4035     -1.1641     -3.3328      6.9679      1.9379      3.3227=0.4875,0.5125
6.3234      4.0064     -4.5547    -0.66051    -0.32669      1.5549=0.49,0.51
0.92399      7.2071      2.7696     -5.6502      7.6188       7.907=0.48,0.52
8.9595      7.5607       9.674     -6.6546      0.6109    0.062261=0.485,0.515
7.8222       5.471     -6.1856      2.0878      4.0967      6.0945=0.46875,0.53125
5.4188       8.592      -5.115     -8.6093      0.4164      9.4047=0.4775,0.5225
-8.5473     -3.2789     -6.9477      2.9842       4.523      5.8026=0.46375,0.53625
8.8929     -3.5615     -6.3101     -4.7111     -3.4199     -2.2515=0.465,0.535
6.3472     -2.7814      5.9765     -9.5031      5.5426     -6.4633=0.4625,0.5375
0.27505     -2.8939      9.4789     -8.1287      8.6078      8.0676=0.50625,0.49375
8.4989      5.7265      2.0272    -0.28869      9.1826      8.3554=0.4425,0.5575
-0.08757    -0.44828     -5.7872    -0.25404     -6.6231     -9.1418=0.4775,0.5225
4.5043      -6.376      7.6415      9.3036     -8.7277      4.7847=0.46375,0.53625
8.3832     -4.9709     -8.8377      3.3525     -4.0192     0.11757=0.4825,0.5175
-3.9329     -3.0475      5.7262     -6.9382      4.0448      6.1541=0.47,0.53
9.184     -6.7447      9.0636      5.5182      8.4034      8.9967=0.47875,0.52125
3.9548     -2.3121       4.776     -8.0552     -3.0743      7.7371=0.485,0.515
7.7215     -2.5797      4.5388       4.331    -0.78349     -5.7126=0.44875,0.55125
8.1978     -4.8512      1.9711     -5.8604     -1.2599     -7.6422=0.48125,0.51875
-1.3821         1.9     -8.2092     -2.0122      9.5628      9.6511=0.47875,0.52125
-6.8505     -1.3821      4.8783      8.6746     -9.0021     -7.1184=0.495,0.505
5.22     -1.2543     -8.4545      5.5881     -7.7879      1.4632=0.48625,0.51375
-3.1041       2.277      2.5597      5.5917     -6.3929     -1.6509=0.48875,0.51125
8.1145      2.6064      -2.806     -7.6982      2.9601     -8.9073=0.50125,0.49875
1.0162      9.1232      7.3818     -2.5873     -7.9611      2.8448=0.485,0.515
7.6063      3.5753     -8.3171     -5.4229      9.8651     -2.1756=0.46625,0.53375
-8.1159     -1.1152      4.6093      8.5392      3.8895     0.19859=0.47125,0.52875
3.7583      -8.857      4.8397     -4.8993    0.094444     -9.5185=0.48375,0.51625
-4.7121      5.2339    -0.90889      2.9503     -8.9181    -0.62245=0.46875,0.53125
7.8828      4.1318      1.9159      4.3649    -0.96261    -0.06933=0.48125,0.51875
1.3164     -5.0285      7.8866      1.1636      4.3289      8.8246=0.47625,0.52375
-7.4397       6.621   -0.016764     -1.5771     -6.0883      8.7169=0.465,0.535
-3.055      3.0044      5.4644      8.2855    -0.13136     -2.2667=0.47875,0.52125
-1.854     -3.1166      4.7211     -3.9609     -9.6937      1.5125=0.47,0.53
-5.7341      8.8179      5.1145     -5.4108      4.5067      1.1764=0.48625,0.51375
5.2767     -5.3979     -4.4941      2.7401      3.0912     -4.5125=0.4675,0.5325
5.8916       7.798       5.307      1.1228     -5.8605      3.5985=0.41875,0.58125
-4.1735      6.3238      5.1404      9.8925     0.48488      4.5556=0.46125,0.53875
4.8156     -1.4749      1.0872      5.0872      9.0653     -5.1734=0.465,0.535
-6.4958      8.5269      5.8639    -0.36132      5.2398      7.6909=0.47875,0.52125
9.6299     -1.2645      3.5641     -6.3111      7.9918       5.017=0.47,0.53
-1.7774     -2.3571     -3.3497      1.1282       9.317     -5.1831=0.47875,0.52125
-0.76952     -9.3717     -1.6228      2.7759     -1.6697      6.1732=0.48,0.52
-2.4786      2.8435      -7.064     -5.8796      -1.715      -0.585=0.46875,0.53125
-0.55461     -2.0562      5.4077     -2.4248       3.565     -3.1668=0.4875,0.5125
4.1923      1.1729    0.033162      5.9164       6.917      4.1534=0.4725,0.5275
-3.4124     -8.4412     -5.8663     -4.0834     -8.1952     -1.4117=0.46875,0.53125
-5.8857     -8.8684     0.10224      2.1168     -6.4817    0.012781=0.4625,0.5375
-4.9409     -7.8947     -5.7197      4.3566     -4.8768      -1.948=0.47625,0.52375
0.80232      9.0594      7.0079    -0.65076     -9.0218      6.5656=0.50125,0.49875
-2.9262      6.1523     -3.6298      1.7984      1.1944     -9.4871=0.47375,0.52625
6.492      6.8514     -5.8854     -3.5091     -3.6787    -0.23173=0.50125,0.49875
6.1452      9.1884     -8.9645      -1.499     -9.1107      6.3825=0.4575,0.5425
5.145      7.7273     0.11912     -5.0278     -4.6725     -8.6352=0.49125,0.50875
-0.96651      7.0424      -3.853      5.0357      -6.277     -3.5853=0.4725,0.5275
8.4639       7.028     -3.9125     -2.0767     -1.8723      8.5542=0.50625,0.49375
9.9915     -4.5458     -7.2897    -0.44676     -2.5513      8.9668=0.47875,0.52125
0.89132       7.153     -2.6372      4.1338     0.51491      6.1826=0.48625,0.51375
-7.9023     -8.8805     -9.7055      3.3989     -5.9303     -5.3064=0.50625,0.49375
9.7264       6.761      1.4377     0.21156     -1.8175      3.1527=0.45625,0.54375
3.9661    -0.51663    -0.86643      8.5491     -4.4522    -0.65102=0.455,0.545
2.4508      7.3193     -1.8396      9.4114     0.32607     -6.8803=0.4625,0.5375
9.9066      2.4937    -0.84367      8.3894      2.2028      6.7071=0.4675,0.5325
5.0787     -9.5301      2.6778     0.43911     0.99187     -8.3255=0.47375,0.52625
-6.7952      3.7602     0.72977     -9.1894      7.6938      7.8729=0.48,0.52
2.795      3.7436      3.6522     -6.2397    0.081706      -2.363=0.47,0.53
3.1005     -4.2428      7.7459      9.8652     -9.5197      6.3068=0.50375,0.49625
0.37791       5.468    -0.80751    -0.42303     0.75641     -4.4649=0.91375,0.08625
2.1069     -6.5246     -8.2495     -2.1817      3.0872      7.9781=0.48125,0.51875
-2.0078       6.711     -5.0605    -0.77077      6.3471    -0.19752=0.49375,0.50625
6.0342     -1.2785     -1.3052      6.4706     0.89891     -8.5008=0.46125,0.53875
8.3844      5.4346      6.9087     0.84476    -0.36975     -5.4039=0.475,0.525
-9.6252      1.7841      5.7989     -6.4838    -0.33912      -8.742=0.4725,0.5275
-4.3893     -4.6007    0.015687    -0.29158      6.5534     -1.2793=0.5075,0.4925
5.572     -9.0452      5.1872      4.5457      4.0881      1.4338=0.47625,0.52375
9.198    -0.48373     -7.6053     -9.2608     -2.5989     -7.3492=0.48625,0.51375
9.6853     -5.7395    -0.62451     -3.6406      -6.026     -7.4726=0.45875,0.54125
7.5908     -2.5811      9.4226      9.7399       4.032      3.8864=0.4875,0.5125
9.1073     -2.4546    -0.69745      5.6924      1.9506     -7.7333=0.495,0.505
-5.3305      -7.256      7.1876      4.9925     0.13132     -7.6109=0.4875,0.5125
-2.3379      8.5275     -6.1739      -1.506     -6.2848      -8.921=0.4925,0.5075
4.6905     -5.3786      8.8469     -9.5668    -0.19429      -1.602=0.4825,0.5175
-3.2819      9.5452     -1.4979     -1.1689     -2.3059     -9.9245=0.49125,0.50875
-7.3043     0.38544      4.6134     -4.0084       4.917     -2.3683=0.49,0.51
-4.4277      3.9935     -1.6932      2.1328      7.3294      2.9751=0.46125,0.53875
-5.7602      7.2865      2.7187     -7.3901      2.0259      4.0291=0.495,0.505
6.106      -7.443     -3.1421      4.7956     -8.8065    -0.42708=0.50375,0.49625
-0.58312     0.27026      -2.339     -1.2315      1.9631      6.1656=0.49,0.51
5.774       3.333      6.1347      8.1785    -0.79095     -4.1371=0.47875,0.52125
2.81      3.2424     0.67301      8.5931     -7.2897      5.2913=0.49375,0.50625
4.0016     -2.6688     -5.0458      1.8321      1.8278     -6.7838=0.46625,0.53375
8.7682      7.8468      2.1408     -3.2635      4.4187     -2.9511=0.46625,0.53375
-2.9094     -1.5404      -5.361     -8.7981       9.596      3.4075=0.48875,0.51125
-7.1186     -7.4141     -9.7897       8.041     0.49392     -3.8586=0.485,0.515
-5.7087     -3.5883      7.7075       7.045      2.4998     -4.3389=0.465,0.535
-3.3788      4.9621     -2.8525     -9.4769     0.65606      1.2033=0.47125,0.52875
-1.0587       8.714     -7.8144     0.43315     -7.8732      -8.317=0.46875,0.53125
4.6172      4.8193      6.5068      9.3046      7.9502      6.4592=0.4975,0.5025
-8.0388      8.9963     -6.5651      3.8051      1.9575       3.925=0.49375,0.50625
9.2898      7.5034      6.6162      7.4178     -7.2457     -2.9632=0.4825,0.5175
0.9739        9.54     -2.7619       3.257     0.96408     -8.5913=0.485,0.515
-1.7334    0.019006      5.3285     -2.9542      7.6626      3.9447=0.4875,0.5125
-2.2987       8.902      6.1549      8.9148      9.1759     -7.3787=0.47625,0.52375
9.683     -6.7826     -3.9401     -8.7552      1.8631      6.9595=0.49,0.51
9.8634     -8.6604     -2.4134      6.3824      3.8571      5.5187=0.5,0.5
-1.4702     -8.1882     -5.0584      8.1286     -9.1009      2.4219=0.475,0.525
-5.7961      4.6803    -0.50431      3.3063      1.6123     0.31088=0.515,0.485
-5.1974     -9.0944     0.38075     -5.7115     -8.2402     0.49146=0.475,0.525
4.9051     -2.1345       4.245    0.066737     -2.0128     0.58338=0.47625,0.52375
0.22647     -1.6117      -8.984      -6.215     -3.1835     -1.1115=0.47625,0.52375
-5.5305      3.0161     -2.7759      7.7938      1.8096     -6.8446=0.50875,0.49125
9.3643     -6.7494      8.9983     -6.3049     -9.2445    -0.69059=0.46375,0.53625
2.6017       3.358       3.572     -2.2762     -5.3795      4.2296=0.5075,0.4925
-7.5756    -0.85416      9.9396     -1.4405     -1.2851      8.1003=0.48,0.52
-1.9332     -7.8058     -9.9319      5.7994     -4.6577     -9.4208=0.4475,0.5525
8.3348     -8.1277      9.2084       4.991      3.8134      8.6036=0.49,0.51
-0.47728      7.3058     -3.0527     -5.4874     -2.6168      8.0368=0.475,0.525
-0.20529     -5.7193      4.2123     -3.1938     -9.8403        1.81=0.4775,0.5225
4.6049      1.1375      9.5907     -5.9653      8.3284     -2.4314=0.485,0.515
-7.3706      9.3483      5.4145      2.2615      6.3326      9.1868=0.495,0.505
-1.7246     -4.5978     -7.8486      7.0461       7.632     -6.6038=0.50375,0.49625
-9.4143      1.5271     -8.6101     -6.6743     -8.7124      9.7869=0.4925,0.5075
-6.452      7.1182     -2.7748     -1.5057      3.9867      1.5161=0.47,0.53
-1.1206     -9.1384      6.2606      5.9796     0.44384     -2.1138=0.49875,0.50125
1.2041      4.1324       8.512     -4.1131      5.4605     -1.4586=0.4775,0.5225
-8.3271     0.86317      6.9761      8.0368      7.9281      7.6624=0.48,0.52
-1.2998      8.9808      8.4623     0.38728      6.8909     -3.3844=0.485,0.515
3.0025      1.6815      6.4119      1.0917     0.36581      4.4866=0.4625,0.5375
-9.9017      8.3347     -7.7991     -4.7463      8.8369     0.34074=0.4825,0.5175
0.96794      4.6145      4.5115       2.421      7.8039     -2.8071=0.46375,0.53625
7.8754     -7.7442      5.4273      5.9247     -4.0273     -9.9069=0.46875,0.53125
9.8899     -9.2467      7.5927      3.1302     -8.4056      6.5127=0.515,0.485
-7.5722      7.1004     -4.0706      6.2558      7.0086     -5.7615=0.48125,0.51875
-0.51867     -9.9976     0.34776      6.9355     -4.3786      3.3012=0.4825,0.5175
7.893      5.0037     -6.1871    -0.51367     0.25302      4.1738=0.45375,0.54625
-6.874      -2.741     -5.8841     -8.3549     -6.8937     -3.2226=0.4675,0.5325
-8.664     -7.2915     -7.8552     -8.4847     -1.0969      3.4625=0.44875,0.55125
-8.8276      6.4745     -2.5871     0.11428     -2.6445     -3.5946=0.47,0.53
-7.8434      3.4137     -7.5428      1.0892      4.1456      -7.772=0.50125,0.49875
4.3828      7.0913     -8.3441      2.6767     -7.2929      6.8337=0.50125,0.49875
-7.5504     -3.2631     -8.3047      1.7775       1.908     -5.9952=0.4875,0.5125
-4.0822      6.3172      -5.388      1.8765      1.9325    -0.88911=0.49625,0.50375
0.86969       1.166     -5.9174      4.5388      3.8717       2.871=0.4825,0.5175
-5.5152      6.5662      8.7011      7.7716     -3.5076    -0.57813=0.4825,0.5175
1.2023      2.6056     -3.4782     -1.1191      6.7749     0.14218=0.4575,0.5425
8.0144      5.4296     -2.8534     -7.8667    -0.77888    -0.97958=0.47875,0.52125
-0.15379      9.9444    -0.14405     -8.9909      4.4525     -8.6812=0.4675,0.5325
5.0839     -6.0113      3.1075     -3.2323      3.3719     -5.5442=0.4725,0.5275
8.6665     0.38593     -9.6575     -6.2757      9.8283     -1.1763=0.495,0.505
-6.2599      2.8541    -0.79399     -9.9258     -0.4847     -5.1861=0.465,0.535
-8.6727      4.5648      3.7144     -1.8844    -0.73254      1.4619=0.45875,0.54125
-3.7503      5.6852     -9.5052      2.5976     -2.8844     -8.6265=0.49125,0.50875
-3.939     -6.5379      5.3237     -1.9696     -8.2637     0.41776=0.48,0.52
-5.7826      4.4699      -4.374     -1.5069       6.086     -6.4912=0.4425,0.5575
-0.099535      8.9656     -4.9893      9.1711      1.3644     -1.8761=0.49,0.51
6.9185     -8.5414      9.4103      -8.233     -8.6874      2.7971=0.46875,0.53125
1.95     -5.7291     -7.0314      2.7189      6.3798      2.1943=0.4925,0.5075
8.7975     -7.1259     -6.9885      8.6702     -1.9443       1.182=0.48375,0.51625
-5.237      1.6513      9.9259     -5.4277     0.27772      6.6145=0.46625,0.53375
8.8131      7.5036     -5.5574     0.38069     -8.9855     0.35924=0.50625,0.49375
7.8487     -1.5618      3.4639     -6.7017      5.5305      -2.163=0.48125,0.51875
-7.6002      8.9862     -9.0225      7.4952     -4.9004     -7.5933=0.47,0.53
3.341      5.5418      3.7197      6.0276     -4.3338      3.5092=0.48375,0.51625
4.9575      4.0138     -6.7133      -2.966      9.9554     -9.0617=0.4775,0.5225
1.1929     0.23664      8.6271     -7.4413      9.7588      4.2894=0.4425,0.5575
-1.092      2.5653      6.6396      5.0877      6.8921     -2.3274=0.4625,0.5375
0.53604      1.7115     -6.0794     -7.1036     -7.2521     0.61253=0.46625,0.53375
-6.3861     -2.8506     -2.3813     -7.3561      2.0894     -4.9505=0.50625,0.49375
8.2942     0.20309     -8.8865     -6.6048      3.6866     -6.0551=0.48375,0.51625
-8.9532     -3.9291     -8.8063     -3.2062      4.3389    -0.65517=0.46375,0.53625
9.5093       2.552      4.8328     -4.8661    -0.33409      4.6108=0.45,0.55
-1.6328     -3.5715      6.8139      5.7692    -0.33928     -6.4563=0.47875,0.52125
9.7862      1.5364    -0.66391       4.415      4.8762      9.7611=0.4725,0.5275
-8.8028       -8.76     -3.0991      5.7101      4.4001     0.39835=0.455,0.545
-9.1242     -2.1007     -1.5436     -2.3929       2.394     -1.8258=0.4975,0.5025
-8.6519      -3.711      3.3801     -5.1898     -7.9958     -8.7911=0.475,0.525
-2.4794       9.122     -7.6497      3.1372      7.8703      9.2908=0.45625,0.54375
-2.6793     -2.9393     -2.4194      8.0896      8.2784     -8.4983=0.4825,0.5175
2.9826      2.6833     -9.5526     -4.7412      3.9205      8.9712=0.4675,0.5325
1.7625     -8.9568      9.9992     -9.2978      3.6905      6.7656=0.47625,0.52375
-9.5583     -9.4214     -9.0747      6.8707     -6.5237     -7.4722=0.5,0.5
-1.2781     -7.4038      7.4783      4.7706      9.7711    -0.27213=0.46625,0.53375
9.1784     0.85828      1.5744     -9.7319      9.8678      2.6277=0.5125,0.4875
-5.5753      7.6189     -1.8228     -1.7642     -7.7899      9.4783=0.4925,0.5075
-8.8475     -2.6496      4.3188      7.1844     -7.7196     0.36774=0.475,0.525
-6.2762     -2.9164     -2.3505     0.84509     -7.8925      4.1931=0.49625,0.50375
-1.3471     -9.4291      5.8973      5.6766       1.643     0.47474=0.47,0.53
3.8491      4.0992      -6.406     -7.7351      1.3947    0.020229=0.485,0.515
4.7336      6.1439     -1.2559     -8.5424     0.61231     -3.3562=0.50125,0.49875
-3.3958      6.6217      4.6151      2.0865         7.5      7.6466=0.49125,0.50875
-2.2622       1.318    -0.14978      -6.997     0.34384        5.87=0.47875,0.52125
-7.0378   -0.099849     -6.5869     -9.2088      8.0305     0.10585=0.4875,0.5125
-6.4015      6.3533      -8.548     -2.3849     0.53758     -6.2944=0.4625,0.5375
-6.7039       2.214      4.3785     -2.3183      4.1163     0.47248=0.46875,0.53125
-8.6032      4.0374      -2.214     -4.7602      4.7263     -6.7144=0.4925,0.5075
9.8035     -4.7019     -5.4908      8.7356     -4.1417      7.4235=0.4625,0.5375
-6.7124      8.3481     -3.3796      9.6202      7.5156      7.4788=0.45375,0.54625
-9.6256      8.3916     -6.7546     -3.9406      7.6343     -4.2959=0.48875,0.51125
-0.21262     -9.5564      7.0286     -2.6823      1.2695     -3.3699=0.4725,0.5275
0.41591     -9.7299     -9.7315     -8.9451     -9.4342     -8.7499=0.46125,0.53875
5.7968      6.9289     -4.6792      6.2511      4.0266     -6.9475=0.5075,0.4925
-6.0063       7.491      5.5678      9.5548      1.5735     -3.5064=0.48,0.52
4.8907     -9.3472     -1.5905      9.8316      -6.069      5.3322=0.48375,0.51625
8.6943     -4.4076     -5.0119     -7.3579     -1.5764      9.7872=0.5025,0.4975
3.15      6.7706      1.3656      3.3249      9.0455      1.1126=0.46875,0.53125
-2.1643     0.62209     -4.9967     -4.5784     -5.6903     -3.8105=0.4925,0.5075
5.6323     -8.6882     -6.4109       6.861     -8.7396     -6.9346=0.46875,0.53125
6.2666      -9.375      4.5464      4.3925      -3.262     -4.7399=0.48625,0.51375
4.9547      2.8526     -7.4744     -9.4592     -5.9115     -8.0884=0.48125,0.51875
3.1029      2.3049      4.8855     -7.4944      6.8887     -4.6923=0.4625,0.5375
2.1978      7.6048      9.9643   -0.080046    -0.12047      3.7637=0.4775,0.5225
-6.0448       2.595     -7.6028     -3.7016      9.8579     -1.5005=0.49375,0.50625
6.6495      3.3887      6.6219      8.4706      2.9347     -9.4293=0.46875,0.53125
-5.8251     -1.8848     -5.1691       8.425     -6.6764     -8.2397=0.48125,0.51875
3.5198    -0.10934    -0.63544     -4.2472     -5.6781      1.6645=0.495,0.505
-5.2767       -2.59     -1.9309      -4.256      4.9767     -1.3723=0.47,0.53
4.3999      6.5347      6.1682     -8.6661      -3.407      4.6497=0.485,0.515
-4.6686     -5.4056      5.1739     -7.9732     0.15436     -5.4311=0.48125,0.51875
0.73119       6.708    -0.98745      3.8795      2.4191     -6.1432=0.485,0.515
-5.3833     -1.9855     -8.6252      3.6796     0.24831       4.304=0.47125,0.52875
-8.87     -1.4291      2.1096       1.865      6.2746      4.7023=0.49125,0.50875
-3.0439       9.896     -1.3006     -3.1382      1.9801     -5.7447=0.48125,0.51875
-3.1492    -0.89573      4.9851     -9.1533       9.693     -4.4422=0.505,0.495
-0.9776      6.4191      5.1879      -6.528     0.74855     -5.9484=0.48125,0.51875
-6.5216      6.4656      9.7904     -5.3861      9.2395      9.9949=0.49875,0.50125
7.4783      7.9596      5.2524     -5.5713      6.4564      4.8317=0.4675,0.5325
0.60991      9.6921    -0.23016     -3.6294     -6.7141     -2.1898=0.49125,0.50875
2.5336      5.4139     -5.7231      1.9876      2.3166      9.5681=0.45625,0.54375
-8.6091     -2.6266      4.9711     -7.9813    -0.49701     -2.9715=0.50625,0.49375
4.1622     -3.6222     -1.3307      -2.408      5.2692      1.3104=0.4875,0.5125
5.9308      2.8416      2.2978     -3.2139      3.5029     -9.1995=0.46375,0.53625
9.9848     -3.1502     -2.6295      6.3275      7.9461     -9.8075=0.4625,0.5375
6.1768     -2.5685      -8.768     -3.9269      5.4764      8.2008=0.4925,0.5075
-6.9475     -2.1211      8.4242     -3.1773      1.2517     -1.0962=0.49125,0.50875
0.50634     -2.6339     -9.3121      6.6081     -7.7296       2.484=0.4775,0.5225
-1.6821     -4.6073       1.294     0.56644     -3.6396     0.98295=0.4775,0.5225
-7.4797      4.1125      6.4655      5.2148      1.6668     -4.7257=0.49375,0.50625
6.2501      8.5555     -8.6137      1.5304     -7.9489     -9.1366=0.4925,0.5075
-6.9932     -4.9233      3.6968     -7.4307      -3.679     -1.5392=0.465,0.535
3.5772      5.0352     -6.3166      3.6388     -1.3727      6.9437=0.4825,0.5175
9.0716     -1.2299      8.3726     0.99375       5.001      2.2159=0.47375,0.52625
-4.1537      -8.829      5.4818      4.7938     -6.0057    -0.29541=0.4725,0.5275
-9.7193     -9.9259     -5.2308      9.5956      -6.148      9.4434=0.4775,0.5225
-6.9449      5.4767       1.074     -2.2974      5.6056     0.16063=0.48625,0.51375
-3.8123      -9.919      2.7023      8.5544     -9.0143      8.9615=0.48375,0.51625
6.9742      4.6335     -5.5529     -7.3748      2.2766      1.3334=0.475,0.525
-9.7732      6.0421      6.0851     0.37871      2.0189     -5.0379=0.4775,0.5225
4.0687     -4.8085     -6.7147      9.4223      -7.061      5.7931=0.49625,0.50375
-5.3493     -7.5477     -5.8673      9.9224     -4.1613      6.8267=0.48,0.52
4.1705     -6.6242   -0.029332      8.3081      6.5913      5.6028=0.4675,0.5325
-1.4572     -3.7063      2.7561      5.2219     -4.7885      3.0002=0.46125,0.53875
0.64979     -3.7052       9.324      5.2924      -3.671     -9.3006=0.48375,0.51625
4.9394    -0.66385     -9.1837     -9.4227      2.7479     -1.9447=0.4825,0.5175
2.8836     -5.4103     -8.9411     -8.3996      3.4745      5.9249=0.48,0.52
-5.732      6.2246     -6.9439      6.1221     -8.8557      5.9385=0.4725,0.5275
-4.7218      2.8042      5.1928     -5.5873     -6.8272     0.81801=0.49,0.51
-8.2445      7.9302     0.58679     -3.3217     -6.6046     -5.2466=0.49125,0.50875
7.0023      5.3652     -1.4658     -1.6604     0.30186      5.9948=0.47375,0.52625
6.3565     -7.9212      -2.785      5.1016     -8.8934      -7.759=0.49375,0.50625
2.5767      3.3356     -4.4222    -0.35159     -5.1515     -5.9695=0.4725,0.5275
5.4244     -4.8025     0.28274      9.1689     -4.4815      3.2419=0.48875,0.51125
4.9704      3.4377      -3.982      9.9248    -0.81197     -6.5997=0.47875,0.52125
7.1721      0.7129      8.3392     -9.6794      3.2498      7.6826=0.48375,0.51625
-4.3884     -3.1763       1.809      8.7512      1.2286     0.18695=0.49,0.51
-3.035     -7.2024     0.89793      2.5238     -3.8227      2.5074=0.46125,0.53875
-5.7022      2.0938      7.9063     -2.5045      1.0969     -7.3321=0.48625,0.51375
2.5917      4.4006     -6.7142     -1.9958      6.0826     -3.0456=0.465,0.535
1.6247    -0.77369     -4.3613     -5.8955     -2.9356     -8.3259=0.4825,0.5175
4.3673     -8.4271      -5.634      6.4293      5.2803     -7.0881=0.48125,0.51875
-1.5928     -7.6433     -9.6424      5.9593      7.4591      2.2348=0.47375,0.52625
0.28622      1.1835      7.7104      6.0152        2.67      7.1258=0.48875,0.51125
0.075029      5.6826     -7.0987      8.2983      -3.522     -3.5319=0.495,0.505
5.6278      5.3354       5.637     -6.7279     -3.5415     -1.6087=0.48125,0.51875
-5.3525     -1.0936      5.2882     0.64915     -3.7799      4.9583=0.48625,0.51375
-1.1612      6.4762      2.6651     -4.5962      2.4592      1.9231=0.48125,0.51875
7.0721      4.8679      8.2381     0.64056     -2.1092     -2.6368=0.4625,0.5375
4.204       1.494     -4.8647     -9.6582       1.328     -4.3517=0.465,0.535
1.8953      9.2275     -1.5862     -1.6528      1.5106     -8.8332=0.45625,0.54375
-4.0531      5.8227     -1.0575      -5.082      1.6463      9.7167=0.47,0.53
6.5051     -6.9099      3.2091     -8.8791      5.3028       1.045=0.46875,0.53125
9.1783      9.3585      5.2613     -1.4234     -8.5794     -6.9998=0.4975,0.5025
-3.7688     -8.3487     -5.9682      4.4784     -2.7528     0.64909=0.47875,0.52125
-9.7499     -8.5303     0.89869      2.0149     -2.5333      6.7528=0.5075,0.4925
-7.8364      3.4942      5.5681     0.94971      2.0334      1.6473=0.4775,0.5225
-4.3427     -5.3874      6.0189      4.3601      5.7071     -8.6435=0.495,0.505
9.6151      3.5168     -8.9596     -6.7213     -9.6144      4.5482=0.47625,0.52375
-3.6369     -1.5949     -7.7991      9.2865     -3.3045      4.0801=0.47875,0.52125
-1.3931     -6.0981     -2.0823      -9.766      2.7936      1.0033=0.445,0.555
8.0592     -6.3746     -2.2767     -5.7455     -8.7001      4.6828=0.4975,0.5025
-8.9893      3.8164      4.2738   -0.058103      7.8216     -4.9033=0.47375,0.52625
-3.9077      3.6895      7.2032      7.0268    -0.49929      5.2069=0.49125,0.50875
6.3749     -9.1969     -4.2748      2.0387      1.2595     -6.4134=0.48,0.52
-2.3854    -0.31975     -8.8706     -5.8298     -8.6076      2.2496=0.45375,0.54625
9.5436      4.9734     -6.3765     -4.9722      -8.523      2.3829=0.4925,0.5075
-3.4009     -2.0316     -4.1512      8.5657     -8.3923     -4.4308=0.48,0.52
1.1915     -2.0971     -8.8525      7.7818     -9.3666      7.9538=0.465,0.535
5.2759      4.1203    -0.51814      3.5205     -1.4393      2.9388=0.48125,0.51875
2.3337     -6.3079     -2.7727     -3.5733     -5.2316      4.6361=0.4675,0.5325
-6.6825      3.7009     -6.1573      2.3234     -7.8923     -2.9774=0.47,0.53
8.2938     -7.9925      9.8856      5.8854      4.9092      7.7065=0.485,0.515
0.81028    -0.63175      1.7891     0.96868      1.6608     -7.1107=0.47875,0.52125
-5.5899     -5.4489      6.0408     -5.5387      5.2714      3.8089=0.4925,0.5075
5.677       9.239     -8.4738     -4.3721      2.7838      7.0388=0.485,0.515
-1.8917      -0.673     -4.0872    -0.55902     -4.4838      1.5851=0.4725,0.5275
-1.2837     -5.6645     -1.2076     -1.5537       3.276     -2.4103=0.45875,0.54125
-4.3465      7.5858      2.1481      -7.521     -6.8662     -8.2778=0.49375,0.50625
5.809     -1.9977      3.3296      1.1577   -0.024905      9.0821=0.495,0.505
-6.9294     -6.6739      5.0661      4.3937      3.0459     -8.2766=0.49,0.51
-8.2984      7.2765     -8.1108     -4.2914     0.14134     -5.7871=0.48625,0.51375
-2.0003      -1.017     -8.8663     -6.1347      4.6812     -1.2031=0.4625,0.5375
-8.3015     -5.5551      1.0077     -8.0368      4.7297      2.5727=0.4825,0.5175
-1.3097      3.2278      2.0613     -7.0842      2.6824      9.4111=0.48875,0.51125
8.8043      1.3274     -1.4954     -9.4487      6.2641     -9.3788=0.4825,0.5175
-0.10178      5.8175     -1.8592      5.5694      2.2012      6.5465=0.49,0.51
-8.4695      2.2731      5.5735      3.1712      2.4921     -3.8962=0.495,0.505
7.7307       4.445     -5.8784     -7.7907      2.8418     -5.5872=0.47625,0.52375
-1.6414     -6.6421      -4.486     -2.3368      3.6899     -6.0493=0.4725,0.5275
8.0804      3.5184      -8.567     -1.4672      3.0482     -5.1903=0.465,0.535
7.9974     -7.2927      9.3464   -0.014337      3.5101     0.63912=0.4975,0.5025
-1.3421     -4.3982     -8.0482      2.1037      6.5075     -3.1758=0.46625,0.53375
6.5631       8.946     -8.3435      3.3181      2.8322      6.7597=0.47125,0.52875
-6.7099      2.1721       -6.86     -5.2203      -4.797      5.3669=0.4825,0.5175
-8.9029      6.9847      3.8779     -1.0142      2.6569      4.4053=0.4775,0.5225
-1.4609     -8.3253      3.1995     -7.3601      2.1945      6.8835=0.465,0.535
0.80557      5.3742     -2.0986      5.3982     -4.1517     -6.6771=0.46125,0.53875
-8.3293    -0.69607      8.4307      4.2731     -3.7755    0.080014=0.4675,0.5325
-0.7141      9.8892     -1.8064      1.3535      3.0991      -9.643=0.48375,0.51625
-9.8222     -7.8674     -7.1567     -1.5433     -7.1293     -2.1639=0.45625,0.54375
3.5536     -2.3204      8.2286     -3.0424     -2.4215      7.3167=0.4775,0.5225
6.8772      3.4441      3.6674     -2.3969      7.2068     -9.8672=0.48,0.52
1.9846     -2.5008     -4.0776      2.0936    -0.14089    -0.47646=0.47,0.53
-7.9318      -1.534     -6.4374      6.2082      -8.667      2.4853=0.47625,0.52375
1.6076     -4.4816      5.3074      3.1799      9.2237     -1.9958=0.49375,0.50625
-2.53      1.4119     -2.2489     -2.3043     -8.1754     -4.1335=0.50625,0.49375
1.8555     -2.0864     -2.3355      8.9384      7.2164     -6.5972=0.45875,0.54125
-2.6748      8.1382      6.4344     -0.7664     -5.2218     -5.6292=0.47875,0.52125
-4.3027      8.4567      -3.224      1.7484     -1.1129      2.0546=0.46625,0.53375
4.6958      5.8273      7.1204     -6.6438      2.7798     -2.2306=0.44125,0.55875
-5.7887      -1.236     -2.1066      2.7027      8.0488     -2.9917=0.485,0.515
-4.2561      8.4181     0.86347     -9.2948     -4.2815      1.4839=0.48375,0.51625
7.8609      1.0996      9.0033     -4.4462     -8.5708     -3.6485=0.4775,0.5225
-0.20988      3.0568     -5.8368     -3.6364     0.98478     -3.6251=0.50625,0.49375
-2.8735      3.8578     -5.9525     -5.6367      -4.356     -4.1854=0.46375,0.53625
8.4111     0.34242      2.1217     -5.0464      6.0321     -5.6968=0.48125,0.51875
6.9529      1.2379     0.12117      6.2404      2.5086      9.6678=0.4925,0.5075
-3.4603      -3.346      1.1799      5.4262     -4.7792     -4.2593=0.48,0.52
-0.21081       2.529      8.0729     -6.5233      8.4103     -8.0285=0.475,0.525
-2.8046     -5.5193    -0.47792     -3.5532     -7.2603      9.7164=0.48875,0.51125
-6.2523      9.2076      3.5372      7.0811     -6.6509    -0.66621=0.495,0.505
-1.3902     -7.8327     -6.0221     -1.4086    -0.88044      8.7632=0.4975,0.5025
6.3221      1.2701     -9.9732     -3.1311     -6.2214      3.2457=0.48625,0.51375
-2.7172     -3.1235      2.0901      8.9529      3.2539     -7.5506=0.47625,0.52375
2.2328     -3.7744     -5.0052     -9.8075     -1.6699      5.5133=0.4775,0.5225
-9.9211      5.7294     -8.0406      7.9104      9.4268      9.2473=0.5025,0.4975
-9.0424    -0.18775     -9.0703     -1.0337      8.5978      -2.807=0.4925,0.5075
5.9381    -0.18043     -8.5676     -6.0893      7.0495      6.5325=0.485,0.515
-5.8729       5.643      3.8878    -0.38276    -0.89763     -4.8628=0.47125,0.52875
-9.609     -5.3943      3.0748    -0.83436    -0.79731      8.4719=0.47375,0.52625
-5.5133    -0.64007      4.7396     -5.9819      0.9471      6.4662=0.4975,0.5025
4.1094      8.8962      -3.278      5.0899      8.1533      9.3879=0.47625,0.52375
-9.0141      3.1574      3.1081     -4.4552      3.1889     0.48916=0.46375,0.53625
5.3601     -2.8369      4.4486      9.7955      3.9795      5.1493=0.4675,0.5325
9.7903      3.1881     -9.4041     -9.4407     -1.0971      3.6101=0.48,0.52
-9.994     -6.0692      4.1474     -3.4507      5.0346     -5.9785=0.47375,0.52625
-8.2982     -1.3383      6.7325     -3.9695     -9.3836      2.8439=0.5075,0.4925
-2.9159     -6.1572     -4.0077      7.9275      6.0313       6.976=0.46,0.54
8.832      4.9014     -6.1836      5.5961     -3.2762      5.1425=0.47375,0.52625
6.1691     -3.8349     -2.2427    -0.11382      8.8909      5.9065=0.465,0.535
-8.3828     -3.0243      6.0235      9.7593      2.7001      7.5209=0.475,0.525
0.84207      3.6101     -1.1153     -0.3752      7.3348      8.3298=0.46,0.54
5.5358     -2.2042      -7.579    -0.72275      2.3208     -8.5726=0.4975,0.5025
2.132      7.7234      -5.288     -6.7157      1.8968     -8.2383=0.46875,0.53125
6.8028     -7.2165    -0.98576      1.7509     -1.5249     -5.6847=0.4675,0.5325
-7.2633     -2.0969   -0.021263     -7.9437     -1.5169     -8.3333=0.47375,0.52625
-0.089414      4.9039     -2.7516      1.1432     -6.9048     -4.6455=0.4825,0.5175
6.6647     -4.3179      9.3194      6.8397     -1.6325     -4.1072=0.4875,0.5125
2.0297     -2.7222      3.5509     -8.0875       5.376      5.8777=0.49875,0.50125
3.5006      0.4745      8.7655    -0.14427     -1.9899     -5.9488=0.63375,0.36625
2.5135      6.5964     0.38611     -9.8114     -7.3263     -7.6078=0.4875,0.5125
0.21759     -2.8344     -2.7552      6.7873     -7.9915      3.2629=0.49,0.51
-2.8549      3.0875    -0.97791     -3.1371     -7.3039     -7.2459=0.4875,0.5125
9.9086     -0.3756      6.7761      7.5119      3.8697     -2.7764=0.4925,0.5075
1.9988      1.9957     -9.0082      7.5849     -8.1865     -7.2887=0.46875,0.53125
8.7461     -9.4033    -0.62311      9.5662      3.3294      8.1515=0.485,0.515
-6.2476       8.938     -3.1701       4.196     -7.7766     -3.6933=0.50375,0.49625
-8.4317 -0.00024967      8.2121      3.0345     0.10009      6.9803=0.47875,0.52125
1.8879       1.849      3.9025     -2.5049      1.4596      6.2898=0.48875,0.51125
0.10502      9.9613     -6.4196     -7.8561      6.8092     0.63881=0.485,0.515
-2.9267     -2.6641    -0.44215      2.6388       1.829      1.4051=0.4875,0.5125
4.4226     -3.3705      3.8065     -9.9409     -7.9306     0.86062=0.48375,0.51625
-9.3314     -6.8285     -1.5059      5.1977     -6.5515     -6.8922=0.49125,0.50875
-0.22427       6.837     0.69331    -0.28144      8.9087     -6.6024=0.5025,0.4975
5.5098     -2.4867     -3.1303      1.1887     -4.4842     -6.6281=0.485,0.515
0.79435      -5.228     -3.8646      6.5374     -5.5029     -3.4588=0.495,0.505
-3.2224     -5.2656      5.0946      2.8221      0.2872      8.5151=0.4625,0.5375
-8.0735     -1.7712      6.2498      5.4844      4.4069    0.030765=0.4925,0.5075
-4.3397      9.4816     -6.5666      2.1455      -3.802      6.1964=0.49125,0.50875
3.0889     -5.3895     -3.8405      9.5999     -9.9566      1.4837=0.50625,0.49375
-4.0862      8.6692      8.4676      8.2588     0.34019     -6.0978=0.49375,0.50625
-3.5988     -3.5107     -5.6088      9.7069     -9.1339      -3.119=0.485,0.515
6.0085      2.5585     -1.1607    -0.49277      -5.366      4.0631=0.445,0.555
-2.1859       6.841      1.8863      6.3349      3.7486     -5.3157=0.46,0.54
-9.216   -0.059251      7.9258      2.9267      6.4062     -1.7157=0.48375,0.51625
-6.2079     -9.9726      2.3469     -5.6046     -9.1429     -3.8241=0.4625,0.5375
1.4493     -3.7434      7.6009     -7.6397      1.6248     -6.3817=0.48375,0.51625
-3.0164     -3.2604     -3.2353      9.0144     -0.4306     -3.6768=0.48125,0.51875
-3.7038      9.0396      5.1056    -0.99959     0.37918      7.8198=0.49125,0.50875
-0.23447     -5.7762     -1.2231     -6.9558      7.1258      7.1322=0.475,0.525
2.0021     -3.7498     -6.9524      1.9734      7.7013      1.2438=0.47375,0.52625
0.79554     0.19627     -8.4795      9.1176    -0.14555      8.8471=0.4725,0.5275
4.1995     -7.4446     -2.4836     -8.6958      1.7499     -3.5374=0.49375,0.50625
-2.9514      0.8705   -0.015205      2.2728      5.6509     -9.2587=0.50375,0.49625
-0.80379     -0.1424     -3.7258     0.84942     -5.3323      3.7836=0.47875,0.52125
2.774      7.1478      1.1144    -0.14353      1.1585      6.9225=0.46625,0.53375
-7.5949     -8.5733      8.4211       9.493     -8.4985     0.47192=0.49,0.51
-7.0281     0.35648      9.0893     -3.7391      8.6908     -9.4804=0.455,0.545
5.1242     -9.7995      1.2401      1.3119     -8.9636     -6.5077=0.48125,0.51875
-2.167     0.83006      3.1459     -9.3208      6.7158      8.5312=0.47125,0.52875
-6.8379     -4.7388       2.053       7.051     -4.6016     -6.0766=0.47375,0.52625
6.4919      8.5996     -6.8302     -9.6408     -7.3522     -2.6422=0.45625,0.54375
-3.8065      -4.443      1.7013     -9.7479      7.1608     -7.2443=0.4825,0.5175
-8.9694      5.9863     -6.0312    -0.99155     -2.8437     0.85482=0.4725,0.5275
-4.7932       2.197     -7.4171      3.3582     -1.5789      4.2286=0.46875,0.53125
1.5149       3.297      9.0936      5.9983      5.4697     -4.3202=0.475,0.525
-4.9702      9.0972     -3.7908      4.5423         0.2     -4.5578=0.485,0.515
8.9292     -5.9092      5.0971     -4.9666      1.7804      1.7997=0.48375,0.51625
-4.0785     -5.1605     -6.2433     0.92102      8.8874      1.4096=0.47875,0.52125
-1.2315     -8.7029      6.9944     -6.1739     -8.4435     -7.6162=0.4875,0.5125
8.9806      9.0961      9.0517      4.6608     0.76995     -7.9623=0.4825,0.5175
6.5701     -3.3107     -6.8816      9.9142      -3.602     -4.0665=0.4925,0.5075
-7.3095     0.11376     -6.8313      3.4725     0.42611      1.0298=0.4625,0.5375
5.5215      2.3063     -6.3225     -5.7046     0.27549      1.6735=0.49625,0.50375
-2.2536      9.5783       4.607      8.1764      3.3349     -4.8256=0.4875,0.5125
9.5036      1.6882     -7.4314    -0.95115      9.0803      2.2311=0.48125,0.51875
-1.2121    -0.45223      -6.735     -3.7797      3.7438      6.6683=0.46125,0.53875
1.0023     -5.9507     -1.9608      4.3029     -9.0615     -1.1471=0.4675,0.5325
0.043586      6.6913      6.5816     -6.5816      6.4553      7.9159=0.4875,0.5125
-3.64     -8.5726     -9.1015     -6.1915      8.1538     -9.2592=0.49875,0.50125
-1.7628      4.1608      5.8816      4.9711      4.4611      9.5117=0.475,0.525
0.092858      5.3628      2.2828      1.1123      4.5117      7.1308=0.4625,0.5375
7.4728      7.8662     -7.8584     0.10537     -8.1891      4.3848=0.4925,0.5075
-2.7705      1.1317     -9.3217      9.2857    -0.11753      8.4318=0.47125,0.52875
3.0675     -8.7541     -3.5458      5.7156      8.6242      5.4489=0.5025,0.4975
7.0397    -0.73431      4.4577      5.5222     -7.8581     -2.8438=0.485,0.515
9.2448     -6.4928    -0.74239      1.3236     0.67929     -6.6019=0.4675,0.5325
4.5519      5.9665      6.0801     -3.8564     -8.5299      7.6395=0.5,0.5
6.059      7.7442        -8.5     -6.8484     -1.6222     -2.8284=0.5,0.5
-6.2071     -4.9602      4.8481     -1.7658     -3.8765     -4.6377=0.46875,0.53125
5.1082     -3.9768     -2.8698     -9.5268      -2.034     -9.3295=0.47375,0.52625
0.2496      6.1622      2.4333      1.9095      3.9643    -0.89569=0.4675,0.5325
-2.542     -1.4097     -6.0706     -5.9343     -7.4432     -2.5138=0.455,0.545
1.6678     -3.2717     -1.5512     0.83324     -3.8433      1.1433=0.47375,0.52625
-6.3481      9.3937       7.701      8.8612      1.6805      -3.904=0.48125,0.51875
3.5361     -6.2951     -9.3496      6.5124      5.6354       6.041=0.44875,0.55125
-2.0453     -9.6736     -9.1047      6.2187      3.1517       4.348=0.48875,0.51125
-4.8728    -0.88323      4.1114     -9.7753      6.0015      5.2458=0.46875,0.53125
6.809     -3.6711      -2.238      4.6421     -8.0432     -6.0876=0.5025,0.4975
-6.7261     -3.1379       8.757      1.5521     -8.9081     -3.5433=0.46375,0.53625
1.791        -3.8      9.1753      2.0264     -8.8419      7.6922=0.465,0.535
4.9572      4.6992      7.3808     -9.0037     -9.9143     -8.0431=0.47125,0.52875
1.9386      7.0812     -1.6866      8.8942        5.43     -5.0893=0.4975,0.5025
-1.1594      6.5851     0.63478      7.5829      4.7428      1.5866=0.485,0.515
1.4779      1.5886      5.8468      5.1003     -3.7083      8.9809=0.47625,0.52375
-0.55457    -0.21278      7.0377        4.16      4.6933     -7.9962=0.49,0.51
-2.5059      4.8722      4.2355     0.33443     -2.2019      5.5604=0.5,0.5
1.4476     -4.0981     -7.5957      8.3891     -7.1765      8.6834=0.4825,0.5175
-0.60236    -0.18549      9.3315      1.3841       5.232      5.2167=0.47875,0.52125
9.8334     -9.7806     -5.3105      4.1285     -5.7768     -5.5742=0.48375,0.51625
-4.9823     -5.6575      3.2196     -2.3497     -7.3157     -8.5529=0.4825,0.5175
-9.8357      2.6824    0.055863       2.593     -6.7833     -1.8051=0.47375,0.52625
4.4619     -4.1934      8.7685     -7.3621      8.8394      9.1691=0.48,0.52
9.6424      6.2541     -3.1286     -9.3615     -2.4056      1.0301=0.465,0.535
-8.1405     -1.2107     -4.2432      4.0692      4.0796     -3.4039=0.4875,0.5125
2.5     -6.1164     0.94784     -5.8558      3.4481      6.6406=0.48625,0.51375
2.7201     -9.6545      5.2595      9.5749      5.4588     -3.2079=0.4925,0.5075
9.3065      5.1548     -2.7275     -6.8618    -0.56833      8.9822=0.49125,0.50875
-1.5807       2.623     -9.5784      7.7038     -9.9662      3.8877=0.48125,0.51875
-9.3814     -7.2795      6.3197      3.1471     -4.2596     -7.6967=0.46375,0.53625
1.1367      5.7527     -7.1572      7.0607      2.4608     -2.5243=0.48625,0.51375
1.1581     -4.6626      6.2535     -4.2272     -4.5227     -5.9441=0.48875,0.51125
-4.3384      7.9072     -4.1473      9.9301     -1.0163      5.4685=0.4625,0.5375
8.0842       4.474      1.1608     -6.7306     -3.6463     -5.1699=0.46625,0.53375
-8.6041     -5.9148      1.9792    -0.46163     -3.8011     -3.3774=0.475,0.525
-9.0894      5.9115     -9.2669      1.4516     -1.5451       -3.05=0.4975,0.5025
1.6526     0.71975     -3.8062     -4.7943      7.0239     -9.1042=0.48125,0.51875
-0.85912     -3.0795     -9.1403     -4.8356     -9.4913     -8.5229=0.445,0.555
1.3035     -1.1244      7.8325     -7.9939     -3.3859      2.2243=0.48625,0.51375
9.1287      8.8694    -0.25887      2.7558      3.1955     -4.8121=0.4825,0.5175
-1.3544      6.2188      6.8741     -6.6563      3.7538       2.297=0.48875,0.51125
7.4278    -0.34113       7.496      7.9333     -9.9907     -2.7572=0.4925,0.5075
8.61      -7.725     -7.7321     -6.1316     -2.0941       1.104=0.4725,0.5275
-3.0104    -0.25945    -0.73771      7.1372     -9.5097     -8.2332=0.47875,0.52125
1.1773      6.3964     -8.8006     -3.2494      1.1477      -5.126=0.47375,0.52625
-1.0582      3.8197     0.98109      6.8884    -0.19088    -0.45197=0.49875,0.50125
3.7162     -5.8587     -1.0149     -6.3684      4.5001      1.7876=0.485,0.515
1.7851     -6.7926      2.3189      8.3819     -4.3141      6.9385=0.45,0.55
-0.7865      9.6724      5.4385      9.0027      2.2517       3.256=0.47125,0.52875
-2.0118   -0.037878      -6.712     -4.5347      9.3082      1.4038=0.47,0.53
-9.9062      8.6485      4.1975     -8.6484      2.9933     -2.5122=0.5,0.5
-6.7691     -3.3194      4.4963    -0.33512     0.26812      9.6966=0.48,0.52
6.2379      -3.544      1.8873     -6.9077     -6.3589      4.9943=0.485,0.515
4.436      4.5684      8.5977       5.487     -5.4872     -8.9639=0.48625,0.51375
-3.0329      2.5471      -2.974     -6.5721     -8.0742     -2.4353=0.48,0.52
-8.7598     0.31818       4.829     -4.1932      5.0862      6.9805=0.48375,0.51625
2.8897      -1.554      -1.057      3.6588      8.8379     -5.3228=0.47,0.53
0.049726      5.4479      8.8281      3.1177      7.2075     -9.4577=0.485,0.515
4.001      -7.928      9.0623      2.4129     -6.6316     -3.1066=0.47,0.53
-3.557      9.8026     -2.9397      1.9074     -2.8568       6.597=0.49,0.51
-8.065      3.8732       8.305      5.2189      8.3056     -7.5697=0.5,0.5
0.26534      8.4631      7.2753     -5.1859     -7.4968     -7.7175=0.4175,0.5825
-5.6157      9.1795     -5.1042      8.6772     -6.2455     -7.9509=0.4875,0.5125
-6.0985     -6.4196      6.9383      8.0571     -7.9261      1.4569=0.4925,0.5075
-7.6333     -8.3228     -6.7658    -0.32314      3.7069     -9.7126=0.465,0.535
5.8751      1.8374    -0.64753      5.2681     -5.4338     -3.6709=0.47,0.53
9.4131      7.1577    -0.11955       9.188      0.7049       2.341=0.4825,0.5175
-2.626      1.1742     -7.2034     -9.7664     -7.1325     0.47874=0.49625,0.50375
-3.763      7.8931       8.469     -5.9463      6.7934      6.8146=0.48875,0.51125
5.4246    -0.46897     -8.7919      9.9975      -9.832     0.48851=0.49875,0.50125
8.4058      2.2841       1.995      7.8776       3.451     -4.5193=0.50375,0.49625
5.7469    -0.98427     -4.4998      8.6875      3.8288      8.5594=0.495,0.505
4.0448     -4.8574     -4.9683     -3.6402     -6.6551     -3.0449=0.46,0.54
5.7164     -8.3406      3.7471      7.7866      2.5082     0.52387=0.50625,0.49375
-5.1238     -3.8891     -5.6802     -5.5173      -6.292     -4.5824=0.45875,0.54125
9.939      7.7438     -9.4364      8.5466      3.4771     -0.8667=0.47125,0.52875
-7.203       1.554      3.6087      3.3974      9.2981      7.3128=0.51,0.49
5.5746     -8.4259     -3.7833     -2.7661      -4.387      -5.345=0.51375,0.48625
-7.6731      3.8481     -5.7369      3.7125     0.64022      4.4422=0.495,0.505
-4.9031     -6.5018     -9.4425      1.8808     -4.2389      9.3828=0.4775,0.5225
2.2663       9.258      8.0169      -8.166      6.8354      -8.838=0.48125,0.51875
-1.6177      9.3307     -1.3628      3.6785      2.9537      7.5351=0.49875,0.50125
9.181     -6.1265      8.2223      3.7061      7.5111      3.0221=0.485,0.515
-7.6498    -0.46327      4.0632      6.6465     -4.1944     0.91177=0.4875,0.5125
7.842     -4.8329      8.6289     -9.3736      5.9046      1.8756=0.465,0.535
6.8868        6.79     -1.8242     0.72785      8.2311     -8.5363=0.46625,0.53375
-6.082       1.505      6.5937     -1.8647     -5.6843      3.6434=0.4575,0.5425
-2.321     -9.9752     -9.9659     -5.9107      1.5806      -9.945=0.5075,0.4925
-2.6004     -8.4615     0.41716     -9.4585      7.6785      8.8815=0.465,0.535
-1.2913      8.5245     -1.4305     -6.0082      7.7054     -2.2784=0.485,0.515
-0.53557     -5.6472     -5.8508     -6.4985     -2.3615    -0.12085=0.45375,0.54625
-1.3554      7.2905        3.68      6.6413     0.87035     -3.1574=0.47,0.53
3.3923      6.2106       1.488     -5.1708      7.3804      -1.735=0.49,0.51
6.229     -6.5769     -2.8809     -3.1837      4.5539      6.1055=0.49625,0.50375
8.2828      3.8496      5.2243    -0.76508     -7.8534     -5.2465=0.47625,0.52375
-3.7354     0.58685      9.2211     -3.0883     -3.9699      4.4449=0.5025,0.4975
-4.1418     -3.2656     -8.8921      3.4382      3.1929      9.6699=0.475,0.525
-4.8336       6.953     -9.3103     -7.9646     -6.3568     0.84658=0.47125,0.52875
8.1732      8.0405      5.9108    -0.47183     -1.1883      6.6163=0.4575,0.5425
-8.1947    -0.89576     -7.7268      -9.467     -8.5852     -7.5143=0.47625,0.52375
1.19     -2.2869      -9.714      -7.943      2.3304      -3.723=0.4775,0.5225
8.141    -0.99415      5.2188        2.18      1.3549    -0.18229=0.495,0.505
-9.1103      8.0619     -6.1341     0.39039    0.020758      1.9839=0.455,0.545
2.0182     -2.0659       3.515     0.78977      8.4929      -3.882=0.46875,0.53125
8.198      3.2776     -4.6227     0.58494     0.50431      6.9068=0.5,0.5
5.2304    -0.93938      -3.606     -3.0373      8.1979     -1.3806=0.49125,0.50875
0.59201     -4.4798      3.6781      6.6485     -9.1944     -9.4848=0.485,0.515
-4.3172      6.3616      3.9617     -1.7947      4.0356     -8.9777=0.47625,0.52375
-8.3509     -4.5522     -4.3075     -4.1877     -6.9268     -6.4849=0.49375,0.50625
9.2626     -4.5638     -9.3255      3.5464      4.3171     -2.0453=0.5,0.5
4.9633       5.002     -3.9984      5.4161     -5.0053     -2.5873=0.5025,0.4975
-2.4128     -1.0946    -0.16216      -2.718     -5.6829     -5.3463=0.4825,0.5175
-8.6266     -7.0094     -1.1591      8.2206     -3.4769     -8.3505=0.4775,0.5225
-3.2711     0.38852     -1.7851   -0.053758      3.6923     -4.8072=0.47,0.53
-1.7363     0.75442      7.6731     -1.8431      9.5271      7.3166=0.5,0.5
