1   4   4   0  10  -5=0.30673,0.69327
-2.59027      5.95833      5.95833      3.26388           10     -3.98802=0.485,0.515
-5.59057     -2.81127     -4.12426     -1.29478           10     -7.99571=0.485,0.515
-2.4617    -0.405804    -0.405804     -1.54282           10     -1.26799=0.4875,0.5125
-0.46508      6.0468      6.0468     -3.4113      3.1775     -4.0748=0.48125,0.51875
1.0121      4.00806      4.00762    0.0134406           10     -5.00672=0.28798,0.71202
0.58459      2.6775      2.6771    -0.93766      9.9432      -5.481=0.28137,0.71863
-0.0094629      2.1984      1.9656    -0.32379      9.6691     -4.6121=0.49,0.51
9.7437     -9.6548     0.97653      9.7022      9.9985      -9.877=0.485,0.515
-5.7979      6.4031      8.7878      8.1894    -0.92402     -9.2519=0.47375,0.52625
-9.7204     -8.9084     -8.7497      9.8795       9.273     -2.0297=0.485,0.515
-6.1163      6.8017      8.1328      6.1733       -1.93      -7.118=0.49125,0.50875
6.7366      9.3524      9.6219      9.2251     -8.3659     -5.0247=0.50125,0.49875
-6.5419      7.4618      4.3906      2.8354     0.53208     -7.7128=0.49375,0.50625
-8.2737      3.4192      9.1701      4.3995      -6.413      2.3912=0.4925,0.5075
-2.4275      7.4447      8.5602      7.0491     -3.7771     -7.7776=0.47,0.53
-8.8137    -0.78261     -3.8856      -3.747     -9.0251     -4.7835=0.48875,0.51125
-8.8645    -0.32094     -4.1474     -4.0148     -8.4181     -4.5229=0.4825,0.5175
1.5514     -5.6652     -2.9421     -3.5429     -5.6661     -4.5533=0.4825,0.5175
3.6295     -1.0452     -8.8963      9.9914      -9.999      -9.206=0.465,0.535
1.887     -1.6186     -6.3664      9.9925     -9.9992     -9.1984=0.48875,0.51125
-0.24864     -3.0334      5.4932      9.9988      7.1403     -9.8865=0.465,0.535
4.5967      1.4993     -6.6588      9.9938     -9.9993     -9.4317=0.49,0.51
6.5928      4.0926     -9.4097      9.9954     -9.9995     -3.1465=0.48375,0.51625
-0.94493    -0.10571     -9.2667      9.9943     -8.0591     -5.5891=0.48875,0.51125
0.77924       6.925     -9.7769      2.4284     -9.4094     -7.1239=0.4825,0.5175
3.7506      8.0393     -2.0453        3.97     -9.6403     -8.2483=0.485,0.515
4.2338      8.1909     -2.0513      4.4363     -8.7463     -7.3003=0.46625,0.53375
3.5678      8.4444    -0.36207      5.2161      -8.922     -6.2645=0.50875,0.49125
4.0387      8.2289     -1.0828       6.037      -9.107     -6.9055=0.46625,0.53375
4.3289        8.64     -3.1523      6.9568     -9.3142     -5.7387=0.4925,0.5075
-3.7315      9.2474     -8.3289      8.2024     -9.8326      4.7836=0.46625,0.53375
4.2619     -2.1427     -5.3417    -0.93639     -9.7381     -6.5551=0.49,0.51
-4.4664       6.274       6.922      9.0508     -6.1509      6.5333=0.49,0.51
-5.9138      9.8865      9.3307      8.7679     -9.8827      9.8944=0.4775,0.5225
-5.7648      8.9467      8.7606      8.8689     -9.8923       9.451=0.465,0.535
-4.5107       8.379      8.6376       9.018     -8.6409      8.6793=0.48375,0.51625
-1.5146      6.8688      9.5542      7.1328     -9.9613      9.8025=0.48,0.52
-0.75767      7.6306      9.6627      7.8304     -9.9707       7.622=0.50375,0.49625
-2.6073      5.2575      8.6136      7.8219     -8.7884        9.85=0.46625,0.53375
-3.8599      6.4415       7.395      8.3657     -9.0909      9.8874=0.4775,0.5225
0.47084    -0.92497      4.7694      0.5877     -6.1532      9.9913=0.9269,0.073095
-7.097     -5.2633    -0.74781      1.6992     -2.3208       6.518=0.4725,0.5275
-8.1001     -3.4646     -1.9233     0.30404     -3.5977      7.7213=0.495,0.505
-4.0337     -5.1546     -1.9454     0.35577      3.9074      9.0865=0.485,0.515
-8.6583     -6.0446     -3.6996      3.9086     -2.3097      6.4765=0.4825,0.5175
-9.7864        -2.3     -1.9861       1.581      1.5077      5.0547=0.47,0.53
-5.0249     -1.0814    -0.81397     -2.1908     -2.9856      9.5928=0.49125,0.50875
-4.3413       3.537     -4.2577     -5.4302     -2.3115      4.2933=0.49125,0.50875
-1.5678      8.4134     -6.3798     -3.7596     -6.4347      1.1573=0.48,0.52
-1.457      8.4558     -6.2649     -3.8379     -6.5209      1.1534=0.475,0.525
-3.7977      7.1344     -6.1603     -6.9599     -7.7613     -4.7552=0.455,0.545
-4.0568      6.7799     -5.6494     -8.7165     -7.8196     -2.3433=0.48125,0.51875
-4.1525      6.8591     -5.5034     -8.8073     -7.9081     -2.6579=0.46,0.54
-3.2026      9.9092     -8.0973     -9.9655     -8.5728     -5.2895=0.49,0.51
-2.2171      6.4337     -5.8637     -9.4159     -7.4266    -0.76333=0.4625,0.5375
-5.2852      2.2925      -6.514     -6.0934     -8.8551     -1.9017=0.5,0.5
-4.1546      6.8625     -5.5001     -8.8086     -7.9071     -2.6584=0.4875,0.5125
-4.8682      4.1621     -6.0004     -6.9132     -4.1687       -3.32=0.4775,0.5225
-4.2563      4.1171     -4.2967     -6.0285     -3.0798     0.95438=0.4725,0.5275
-5.625      4.1712     -4.6449     -9.1719     -6.0999      1.4288=0.47625,0.52375
-5.3531      3.7925     -4.8558     -9.4917     -5.7209     0.13529=0.47375,0.52625
-5.8619       4.495     -6.2474      -9.541     -6.3815     -3.6276=0.475,0.525
-7.5644      3.7981      -3.128      -9.966     -6.2517     0.30281=0.5,0.5
-1.8373      3.3992     -5.7404     -8.6616     -5.7071    -0.16958=0.49,0.51
-5.0032      4.8803     -5.5757     -8.1352     -8.1315      1.9333=0.4675,0.5325
-4.2463      6.8884     -5.8772      -8.018     -8.2641      4.5297=0.465,0.535
-3.9128      8.2519     -3.1964     -9.0527     -8.5436      4.7415=0.47625,0.52375
-4.4354      5.1837     -6.3861     -7.7646     -9.3865      6.7244=0.46125,0.53875
-3.8766      6.9755     -8.0488     -7.2373     -8.5878      7.8323=0.48125,0.51875
-3.0214      6.6813     -7.2632     -5.3146     -8.2905      9.3778=0.47625,0.52375
-3.8973      5.9514     -7.7048     -7.2773     -9.4416      8.9363=0.46875,0.53125
-3.4846      8.2477      -7.986     -6.4759     -9.5956      9.0303=0.4725,0.5275
-2.5825      5.1518     -8.0311     -8.8779     -9.2434      8.2172=0.5,0.5
-2.9484      4.7802      -6.839     -8.4251     -7.5541      7.6732=0.48375,0.51625
-3.2712      4.9319     -6.4498     -9.1092     -7.4799      7.6746=0.47,0.53
-2.5053      6.0405     -6.7381     -9.7026     -8.2527      6.5506=0.4875,0.5125
-3.3021      4.2166      -6.808     -9.5451     -6.0734      6.7253=0.4575,0.5425
-4.3447      3.1848     -5.7715     -9.1972     -6.0723      6.6811=0.50625,0.49375
-4.4775        2.83     -6.9595     -8.0819     -6.4704      6.4261=0.4725,0.5275
-5.9422      2.3744     -6.7309     -8.1058     -6.9485      6.7314=0.4875,0.5125
-5.3599      1.4838     -6.2436     -8.7582     -7.7524      6.8733=0.495,0.505
-5.4296      2.4272     -6.7759     -7.0465     -7.6977      7.2519=0.4675,0.5325
-5.0464      3.3776     -7.5901      -6.686     -8.0968      7.2009=0.48875,0.51125
-5.1563      2.5558     -6.5154     -7.4733     -8.7663      7.8232=0.50625,0.49375
-5.1833      1.5788     -6.9015     -6.8349     -8.4373      7.7096=0.51625,0.48375
-5.1258      1.9103     -6.7697     -7.3291     -9.6759      8.2019=0.4725,0.5275
-5.3269      1.6087     -5.7902     -7.2473     -9.3372      7.8583=0.4875,0.5125
-5.8128      1.5537     -6.6484     -7.4234     -9.9642      8.1322=0.4675,0.5325
-5.8071      1.6493     -6.5594     -7.3527     -9.9695       8.161=0.5,0.5
-5.4076      1.7844     -6.2059     -7.5311     -9.9932      7.8544=0.485,0.515
-5.3875      1.8861     -6.0514     -7.4187     -9.9949      7.9451=0.50375,0.49625
-5.0055      1.6444     -5.7481       -6.74     -9.8437      7.8164=0.46625,0.53375
-5.1311      1.2204     -6.2953     -6.6682      -9.511      8.1449=0.50875,0.49125
-4.8647      1.9275     -5.6278     -6.4657     -9.9467      7.6215=0.48,0.52
-4.707      1.5421     -5.3987     -6.1978     -9.4172      7.5355=0.48125,0.51875
-4.9013      1.5854     -5.8082     -5.7422     -9.1638      7.3136=0.485,0.515
-4.2228      1.9022     -5.5691     -6.2149     -9.1569      7.4101=0.49,0.51
-4.6301      1.5868     -5.2653     -5.8818     -9.9678      7.5748=0.45875,0.54125
-4.4426      1.3263     -5.7487     -6.0192      -9.848      7.4388=0.48375,0.51625
-4.4412      1.7359     -5.7824     -5.8347     -9.8215      7.5347=0.46125,0.53875
-4.1476       1.844     -5.7044     -5.7544     -9.8254      7.0809=0.5075,0.4925
-4.8189      1.4931     -5.5717     -5.7006     -9.8975      7.6601=0.46875,0.53125
-4.5723      1.8927     -6.0602     -5.6829      -9.933       7.856=0.45375,0.54625
-4.6523      1.8346     -6.3726     -5.7396     -9.9041       7.508=0.48125,0.51875
-4.8474      1.6865     -6.1117     -5.7554     -9.9896      7.8186=0.4925,0.5075
-4.8258      1.7853     -6.0226     -5.9284     -9.9955      7.7534=0.5075,0.4925
-4.777      1.7504     -5.9739     -6.0804     -9.9999      8.0019=0.48125,0.51875
-4.8481       1.533      -6.119     -6.1367     -9.9155      8.2676=0.49625,0.50375
-4.9093      1.7956     -6.2964     -6.0309     -9.9645      8.4141=0.4925,0.5075
-4.9112      1.7636     -6.1423     -5.9775     -9.9884      8.4597=0.47,0.53
-4.9126      1.7437     -6.1617     -6.1345     -9.9956      8.4079=0.5,0.5
-4.9717      1.5487     -5.9699     -5.9903     -9.9999      8.4582=0.51375,0.48625
-4.8916      1.7721     -5.8859     -6.0668         -10      8.4544=0.4775,0.5225
-4.95      1.6683     -6.0052      -6.236     -9.8385      8.4389=0.4725,0.5275
-4.9297      1.7729      -6.098     -6.4369     -9.7213      8.4046=0.475,0.525
-4.7483      1.7173     -6.0459     -6.3449     -9.8021      8.5389=0.475,0.525
-5.005      1.8904     -6.0945     -6.2632     -9.8529      8.4385=0.44625,0.55375
-5.1066      1.9284     -6.1408     -6.0875     -9.7671      8.4947=0.47375,0.52625
-5.0923      1.8552      -6.162     -6.2434     -9.9749      8.4427=0.47125,0.52875
-5.0553      1.9284      -6.296     -6.2671      -9.996      8.4259=0.48125,0.51875
-5.0625      1.8954     -6.1064     -6.3687     -9.8381      8.4683=0.48375,0.51625
-5.1062      1.9625     -6.2093      -6.271     -9.7426      8.5002=0.485,0.515
-5.1587      1.9412     -6.3392     -6.3071      -9.787      8.5991=0.50375,0.49625
-5.2178      2.0401     -6.3001     -6.1941     -9.7828      8.6471=0.47625,0.52375
-5.271      2.0747     -6.3038     -6.3107     -9.7968      8.5514=0.4975,0.5025
-5.1589      2.1489     -6.3531     -6.2631     -9.7828      8.5887=0.48,0.52
-5.0721      2.2241     -6.3449     -6.3349     -9.8386        8.61=0.4925,0.5075
-5.1074      2.2647     -6.3761     -6.2362     -9.7755      8.5391=0.5,0.5
-5.0999      2.1997     -6.2933     -6.1812     -9.7591      8.4803=0.495,0.505
-5.0933      2.2108     -6.2717     -6.1798     -9.6433      8.4344=0.46,0.54
-4.9947      2.1859     -6.2649     -6.1642     -9.6973      8.4662=0.475,0.525
-5.0568      2.1095     -6.2586     -6.1221     -9.7225      8.4979=0.5075,0.4925
-4.9157       2.132     -6.3164     -6.1556     -9.7005      8.4669=0.4775,0.5225
-4.8793      2.1419     -6.2469     -6.1475     -9.6958      8.5331=0.48,0.52
-4.924      2.1887     -6.2735     -6.1959     -9.6506      8.5135=0.4875,0.5125
-4.8655      2.1739     -6.1753     -6.1604     -9.7226      8.5717=0.48875,0.51125
-4.8279      2.1558     -6.1675     -6.0904     -9.7283      8.6055=0.46125,0.53875
-4.8428      2.1378     -6.2019     -6.1399     -9.6869      8.5708=0.475,0.525
-4.8282      2.1662     -6.1717     -6.0617     -9.7715      8.6655=0.51375,0.48625
-4.8414      2.1229     -6.1343     -6.0358      -9.794      8.6314=0.4925,0.5075
-4.8787       2.091     -6.1427      -5.996     -9.7599      8.6332=0.4575,0.5425
-4.904      2.1174     -6.1145     -5.9566     -9.7713      8.6632=0.485,0.515
-4.9313      2.0669     -6.1314     -5.9709     -9.7694      8.6402=0.4975,0.5025
-4.8817      2.0903     -6.1456     -5.9689     -9.7358      8.5831=0.4875,0.5125
-4.8785      2.0935     -6.1499     -5.9701     -9.7884      8.5894=0.49375,0.50625
-4.8773      2.1311     -6.1585     -5.9928     -9.8188      8.6033=0.50625,0.49375
-4.9059      2.0888     -6.1722     -5.9459     -9.8032      8.5621=0.5025,0.4975
-4.8789      2.0758     -6.1757     -5.9779     -9.7499      8.5936=0.47625,0.52375
-4.8697      2.0618     -6.1353     -5.9645     -9.7512      8.5794=0.4775,0.5225
-4.8735      2.0778     -6.1468     -5.9621     -9.7801      8.6082=0.46375,0.53625
-4.8464      2.0656     -6.1223      -5.971     -9.7662      8.5977=0.49,0.51
-4.8563      2.0845     -6.1551     -5.9883     -9.8037      8.6021=0.4875,0.5125
-4.8839      2.0835     -6.1725     -5.9543      -9.785      8.6336=0.49625,0.50375
-4.9021      2.0536     -6.1685     -5.9611     -9.7893      8.6419=0.4825,0.5175
-4.8926      2.0654     -6.1475     -5.9526     -9.8116      8.6405=0.48875,0.51125
-4.908      2.0694     -6.1642     -5.9691     -9.7806       8.668=0.47625,0.52375
-4.8867       2.059      -6.165     -5.9831     -9.7646      8.6673=0.47375,0.52625
-4.8943        2.07     -6.1732     -5.9764     -9.7617      8.6921=0.4775,0.5225
-4.8904      2.0853     -6.1804     -5.9574     -9.7499      8.6872=0.46375,0.53625
-4.8905      2.0853     -6.1804     -5.9574     -9.7499      8.6872=0.49125,0.50875
-4.8904      2.0854     -6.1804     -5.9574     -9.7499      8.6872=0.4725,0.5275
-4.8904      2.0853     -6.1805     -5.9574     -9.7499      8.6872=0.48125,0.51875
-4.8904      2.0853     -6.1804     -5.9575     -9.7499      8.6872=0.49875,0.50125
-4.8904      2.0853     -6.1804     -5.9574       -9.75      8.6872=0.465,0.535
-4.8904      2.0853     -6.1804     -5.9574     -9.7499      8.6873=0.4825,0.5175
-6.8567      5.1311     -3.1455     -7.5131     -9.3843       3.514=0.46125,0.53875
-8.2778      7.3323     -6.2444     -8.6374     -4.2817     -2.5957=0.48125,0.51875
-8.6736      3.3489     -4.8598     -8.9506     -5.5959     -2.0606=0.49875,0.50125
3.797      8.3464     -8.7221     -4.8695      6.0179      7.0016=0.4475,0.5525
0.99034     -9.2742     -9.9494      -2.394     -9.3663     -9.3274=0.4975,0.5025
-9.2854      9.9144     0.32087     -7.2677      9.7938     -9.1194=0.485,0.515
3.1333      5.8671     -9.0438      -5.227      1.9848      7.7566=0.475,0.525
6.1147      1.4914     -5.8356     0.68642      7.5058      8.1219=0.97173,0.028274
5.0829      4.4738     -6.5689       3.951        8.38      1.7699=0.48625,0.51375
0.43185       6.082     -7.6269    -0.35101      6.7757     -0.8108=0.47732,0.52268
-8.534      5.1003     -9.6665      -8.644      9.5469     0.69162=0.4875,0.5125
1.2942      9.9907     -9.9944      9.9756      9.9924      9.9745=0.49875,0.50125
-3.3429      9.9945     -4.9157      9.9856      9.9955       9.985=0.47125,0.52875
-9.7857     -8.0876      8.7664     0.86356      9.9999      3.1696=0.47798,0.52202
-6.855      9.9974      2.9533      3.6817      9.9979      9.9929=0.4575,0.5425
1.1604      3.8698     -9.7146      9.8608          10      9.9998=0.47875,0.52125
-4.6612      9.9993      8.2023     -5.7862       9.337      9.9982=0.4725,0.5275
-8.8868       2.553       3.222        -6.7      -5.968      3.2639=0.50375,0.49625
-9.3906     0.27224      2.6601     -8.1936     -7.7929      6.3127=0.48625,0.51375
-6.3812     -9.9074    -0.51927     -9.9837     -9.9801     -3.7993=0.48375,0.51625
-7.8239     -9.9443    -0.79787     -9.9902      -9.646    0.083515=0.45,0.55
-7.1027     -9.1581     -1.2922     -9.9907     -9.5665    0.040911=0.47625,0.52375
-4.3626     -9.9559     -1.3467     -9.6884     -7.5061      1.1155=0.45875,0.54125
-8.2502     -8.5323     -1.3335     -9.9921      -8.631     -1.6841=0.45125,0.54875
-1.1123     -5.4167      2.9602      2.9909       1.406     -1.3061=0.51,0.49
-4.0299     -8.1202     0.12972      7.1253     -1.9248      1.5327=0.5025,0.4975
-6.8841     -1.7218     -3.4082      9.0322      2.6139      6.7758=0.49875,0.50125
-8.277      4.4865     -6.9669      9.5547      4.2438      3.9449=0.49125,0.50875
-8.4432      5.7256     -7.6486      9.3366      5.5374      3.9128=0.48375,0.51625
-5.302     0.83665     -9.1741       9.767      8.3185     -0.8243=0.4825,0.5175
-6.2234      1.7093     -9.3361      8.2184      7.5312     0.10324=0.4725,0.5275
-3.679      3.9651     -9.5648      6.7613      5.2472    -0.68608=0.49125,0.50875
-4.6257      2.5703     -9.4319      8.4754      7.4689      0.1358=0.47625,0.52375
-6.6877      2.6303     -9.4779      7.9578      7.2628      1.6772=0.48375,0.51625
-6.2604        1.57     -9.3749      8.2959      7.0956     0.14782=0.47625,0.52375
-7.6839      3.5614     -9.4101      7.0774      8.6267     -1.2237=0.4675,0.5325
-8.1737      1.9039     -8.6552      8.2111      5.7647      -1.703=0.48125,0.51875
-7.3797     -1.4094     -9.5537      9.2195      7.5764      -5.899=0.47375,0.52625
-8.6223     0.59125     -9.7654      8.0864      8.7257     -5.0267=0.485,0.515
-5.5044     -3.3216     -8.6272      9.5643      8.2132     -7.7105=0.5,0.5
-5.8952    -0.94932     -9.7974      9.6456        5.95     -8.0206=0.4675,0.5325
-9.4649     -5.6877     -7.7625      9.9538      7.1705     -8.9047=0.46375,0.53625
-9.4816     -5.5782     -7.6602      9.8754      7.1033     -8.9391=0.4975,0.5025
-9.8473     -3.9205     -9.2309      9.9633      4.8255      -5.807=0.47125,0.52875
-7.766     -1.6477     -9.7944      9.9902      7.0106     -3.7815=0.45125,0.54875
-8.652     -2.0595     -8.7983      9.9941       6.762     -2.8636=0.4675,0.5325
-7.1248     -2.8349     -9.3813      9.8305      4.7442     -2.3519=0.4575,0.5425
-9.3092      -4.233     -8.0522      8.3914       2.937   -0.067396=0.48375,0.51625
-9.9626     -6.0484     -5.4691      9.4598      1.5818     -1.4981=0.46,0.54
-9.9455     -6.2134     -5.3652      9.4837      1.6448     -1.5032=0.475,0.525
-7.6533     -6.9368     -4.6337      9.0113      2.0913      2.7949=0.4575,0.5425
-4.1345     -6.7599      -5.483       5.701      1.7283      2.6298=0.475,0.525
-1.9866      -7.066     -5.3606      6.0075     -1.2859       4.692=0.46875,0.53125
-3.1545      -7.242     -2.8406      7.8008     -3.3253      3.0783=0.47625,0.52375
-0.36252      -8.457     -2.9214       8.511    -0.67291      4.5567=0.48125,0.51875
2.1137     -9.4681     -5.6576      7.9248   -0.085593      4.3672=0.47875,0.52125
2.1687      -9.481     -5.6852      7.9078    -0.12656      4.3755=0.47625,0.52375
1.8466     -9.6376     -5.3527      8.5875   0.0046913      4.8224=0.47,0.53
4.5939     -9.7425     -4.9494      6.7742     0.72133      5.1263=0.48375,0.51625
3.5532     -9.9886     -4.4779      6.3887      1.1295      7.6865=0.49,0.51
4.7657      -9.811     -4.8518      6.7318     0.91559      4.6665=0.4975,0.5025
6.1887     -9.9833     -4.9175      5.0612      1.0184      5.0834=0.47125,0.52875
4.5798     -9.9963     -5.7788      4.6651      1.0398      4.5205=0.515,0.485
6.059     -9.9943     -5.5029       5.724      1.3588      5.5343=0.47625,0.52375
5.7484     -9.9972     -3.9286      4.4008      2.1098      4.0521=0.4775,0.5225
5.3794     -9.8116     -3.9093      5.5991      1.4531      6.8995=0.46625,0.53375
4.7503     -9.3153     -5.0264      5.8432   -0.053157      6.7852=0.47625,0.52375
5.6503     -8.8227     -4.1482      4.1848     0.10937      6.5592=0.48375,0.51625
6.6359     -9.1815     -3.4089       4.388      1.3311       7.202=0.49375,0.50625
6.4371     -8.5887     -1.9821      3.3181      1.1482      7.4589=0.46875,0.53125
6.1648     -7.1173     -1.4172      3.1502      1.6216      7.9485=0.47125,0.52875
6.9682     -6.9366     -1.1664      1.9522      2.3728      7.5436=0.45,0.55
6.8643     -7.8079    -0.69108      2.6482      1.7838      8.3881=0.48875,0.51125
6.6092      -8.024     -1.4574       2.151       1.941      8.3509=0.47625,0.52375
6.59     -7.5854     -1.7598      2.9819      2.7869      8.8929=0.4675,0.5325
6.1646     -7.0355    -0.98047      2.5154      2.7709       9.703=0.49375,0.50625
5.844     -6.5803     -0.5428       2.324      2.7988       9.911=0.4475,0.5525
6.619     -5.8052    0.021281      2.0829        2.86      9.9005=0.4775,0.5225
5.8558     -6.5369    -0.54695      2.2823      2.7684      9.9165=0.4775,0.5225
5.1392     -6.8107    -0.52056      1.6754      2.4899      9.3819=0.45125,0.54875
5.1457     -6.1596    -0.98445      2.3252      2.6399      9.0981=0.4925,0.5075
5.5097      -6.327     -1.5776      2.9249       3.023      9.2502=0.49375,0.50625
5.3868     -5.7244     -1.2829      1.5816      2.4487       8.886=0.47,0.53
5.7507     -5.3994    -0.78061      2.0641      2.1066      8.8859=0.4775,0.5225
5.909     -5.7736     -1.0488      2.2727      2.5539      8.9193=0.46625,0.53375
6.3968      -5.517     -1.1366      2.1252      2.4195      9.5155=0.46375,0.53625
6.4725     -5.4249     -1.0945      1.8905      3.0023      9.8646=0.4675,0.5325
6.4862     -5.4614    -0.87881       2.159       3.264      9.9686=0.48875,0.51125
6.5866     -5.6449    -0.93356      1.8208      3.0471      9.9277=0.49375,0.50625
6.013     -5.1769     -1.0099      1.8305      2.8117      9.4887=0.4575,0.5425
6.3641     -5.1234    -0.61257      1.7947      2.9847      9.1689=0.49,0.51
6.3044     -5.1058      -1.376      1.9398      3.1444      9.5418=0.47625,0.52375
5.5189     -5.2866     -1.0196      1.6007      2.7281      9.6844=0.465,0.535
6.252     -5.0508     -1.3367      1.5968      2.9322      9.2412=0.48375,0.51625
6.2242     -5.3814     -1.3173      2.0089      2.6617      9.2934=0.46125,0.53875
6.1181     -5.2564    -0.81596      1.4535      2.6527      9.3112=0.4725,0.5275
6.0847      -4.985    -0.84758      1.5614      2.3569      9.4551=0.48125,0.51875
5.8422      -4.726    -0.89003      1.3431      2.2774      9.3046=0.47625,0.52375
5.8793      -5.072    -0.74144      1.2498       2.143      9.3423=0.48125,0.51875
5.9669     -4.8819     -1.0171       1.597      2.1895      9.1044=0.495,0.505
5.6675     -4.8905     -1.1135       1.421      2.1099      9.3197=0.48625,0.51375
5.756     -4.9415     -1.1986      1.0809      2.0367      9.3815=0.45375,0.54625
5.7676      -4.864     -1.0538     0.99725       2.296      9.3569=0.465,0.535
5.8719     -5.0546     -1.1066     0.87029        2.08      9.2019=0.4725,0.5275
5.8524     -4.8753     -1.2835     0.75567      2.1977      9.1433=0.4525,0.5475
5.6158     -4.8299     -1.2947     0.68519      2.0628      9.0655=0.47875,0.52125
5.6093     -4.9081      -1.071     0.54831      2.0336       8.986=0.46,0.54
5.5539     -5.0678     -1.0709     0.63638      2.1369      9.1349=0.50125,0.49875
5.4269     -5.0606     -1.1287     0.58742      2.0638      9.0471=0.47625,0.52375
5.4391     -5.1571     -1.1011     0.38582      1.9718      9.0423=0.47125,0.52875
5.2998     -5.0618     -1.1975     0.51411      1.9569      9.0715=0.47375,0.52625
5.5432     -5.2629      -1.191     0.28538       1.891      9.0234=0.4625,0.5375
5.4372     -5.1464     -1.2564     0.22809         1.8      9.0466=0.46625,0.53375
5.5131     -5.2304      -1.346     0.27929      1.9454      9.1227=0.4825,0.5175
5.3911     -5.3561     -1.2476      0.2663      1.9037      9.0499=0.47125,0.52875
5.5701      -5.313     -1.2571     0.32057      2.0244      9.0135=0.47375,0.52625
5.4898     -5.2935     -1.1894     0.36615      2.1353      9.0115=0.4625,0.5375
5.4705     -5.3533      -1.192     0.43474       2.114       9.143=0.5025,0.4975
5.427     -5.3798     -1.2563     0.28844      2.1734       9.015=0.48,0.52
5.4197     -5.2956     -1.3101     0.37987      2.1302      8.9887=0.485,0.515
5.463     -5.4158     -1.3385     0.37671      2.1478      9.0177=0.50875,0.49125
5.3234     -5.3667      -1.341     0.37433      2.1621      8.9589=0.49125,0.50875
5.3763     -5.2734     -1.3014     0.38441      2.1365      8.9943=0.4675,0.5325
5.4653     -5.2714     -1.2678     0.38562      2.0802      9.0319=0.5025,0.4975
5.4273     -5.2978     -1.2383     0.32172      2.1634      9.0283=0.49375,0.50625
5.4323     -5.2718     -1.3085     0.36664      2.1975      9.0787=0.47125,0.52875
5.4122     -5.2589     -1.2569     0.41358       2.242      9.1298=0.47125,0.52875
5.3847     -5.2677     -1.3059     0.34722      2.2666      9.0531=0.4925,0.5075
5.4661     -5.3104     -1.2844     0.41827      2.1555         9.1=0.49625,0.50375
5.4586     -5.2374     -1.2666     0.33977      2.1613       9.119=0.4875,0.5125
5.4503      -5.278     -1.3226     0.38067       2.174      9.0043=0.46,0.54
5.483     -5.2326     -1.3426     0.37898      2.1342      8.9805=0.4475,0.5525
5.5079     -5.2034     -1.3413     0.38574      2.1359      8.9163=0.47875,0.52125
5.5501     -5.2124      -1.361     0.38329      2.1383       8.862=0.5025,0.4975
5.5807      -5.239     -1.3226      0.3854      2.1714      8.8562=0.4725,0.5275
5.5693     -5.2633     -1.2815     0.36264      2.1677      8.8912=0.4675,0.5325
5.5808     -5.2329     -1.3131     0.38743      2.1797      8.8617=0.48125,0.51875
5.5835     -5.2247     -1.3168     0.36276      2.1692      8.8725=0.51,0.49
5.6151     -5.2012     -1.3242      0.3887      2.1451      8.8807=0.51625,0.48375
5.5936     -5.2339      -1.295     0.35742      2.1347      8.8498=0.485,0.515
5.5493     -5.2437     -1.3048     0.34618      2.1253      8.8636=0.48125,0.51875
5.5356     -5.2425     -1.3089     0.30957      2.1435      8.8829=0.4875,0.5125
5.52     -5.2549     -1.3091      0.2873       2.114      8.8776=0.48125,0.51875
5.5467     -5.2309     -1.2984     0.26701      2.1144      8.8832=0.49,0.51
5.5546     -5.2137     -1.3195     0.27394      2.1366      8.8949=0.48875,0.51125
5.5748     -5.2089     -1.3258      0.2877      2.1372      8.9244=0.47625,0.52375
5.5852     -5.1841     -1.3169     0.30633      2.1359      8.9111=0.4675,0.5325
5.575     -5.1759     -1.3153     0.30538      2.1531      8.9367=0.4625,0.5375
5.5868     -5.2009     -1.3169     0.30486      2.1679      8.9394=0.4875,0.5125
5.6049     -5.1738     -1.3148     0.30598      2.1626      8.9331=0.48875,0.51125
5.605     -5.1738     -1.3148     0.30598      2.1626      8.9331=0.46375,0.53625
5.6049     -5.1739     -1.3148     0.30598      2.1626      8.9331=0.49,0.51
5.6049     -5.1738     -1.3149     0.30598      2.1626      8.9331=0.4775,0.5225
5.6049     -5.1738     -1.3148     0.30608      2.1626      8.9331=0.49,0.51
5.6049     -5.1738     -1.3148     0.30598      2.1627      8.9331=0.49875,0.50125
5.6049     -5.1738     -1.3148     0.30598      2.1626      8.9332=0.47875,0.52125
5.9285     -5.1978    -0.56452      1.0196      1.2673      7.9568=0.50625,0.49375
7.5574      -7.119     -4.3395     -3.3891       4.761      8.7742=0.4775,0.5225
2.8261     -7.4634    -0.47529     -5.1706      6.1728      9.1046=0.46875,0.53125
-2.9456     -6.3486     -4.7613     -2.1638       7.895      9.5075=0.49375,0.50625
1.5412     -6.1681     -1.4294     -3.7363      5.3953      9.1943=0.475,0.525
1.2735     -7.7705      -1.077     -3.3623      6.6361       6.792=0.47875,0.52125
-1.0723     -8.3035     -3.2101     -3.7652      2.6591      7.5589=0.475,0.525
-6.4502      2.7072     -2.1772     0.15867     -4.9666      9.0294=0.50625,0.49375
-7.5961      5.0613      1.7536      3.3355     -6.5914      2.8867=0.4847,0.5153
-7.5389       5.027      1.7061      3.2967     -6.5496      2.8801=0.47089,0.52911
-7.3016       1.612      6.2268     -3.9508    -0.79825     -4.1404=0.445,0.555
-9.7639       9.266      -8.169     -9.4706       9.055      3.1444=0.4925,0.5075
-6.0748      0.6963       5.729     -2.8506     -1.0271     -4.1559=0.4625,0.5375
-4.4685      3.3741       2.818     -2.8154     0.55608     -1.1698=0.48625,0.51375
-6.5618      5.8816     -2.0328     -1.2623     0.32103     -4.5115=0.47,0.53
-4.4176      2.7876      -3.585    -0.42879     0.48164     -2.0848=0.49125,0.50875
-7.653      7.1887      1.7862      1.7238     -2.9547     -4.0613=0.485,0.515
-8.013      7.6199     -5.3956      3.4913     -2.6747    -0.53386=0.4825,0.5175
-9.8276      7.5091     -5.1316      9.4353     -4.4926     -8.7033=0.47625,0.52375
-6.7347      1.1301      -6.663      5.2829      4.5071     -7.7012=0.46375,0.53625
-6.3904     0.85306     -6.6761      4.8106      4.2236     -7.7854=0.47,0.53
-3.0708     -2.3073    -0.22306      7.1122      3.0026     -5.7578=0.47375,0.52625
-2.4708      4.5025     -5.6328        8.71      1.9965     -2.6958=0.47875,0.52125
-8.5229      2.7859     -3.4727      3.2454      2.8883      7.5094=0.4625,0.5375
-9.1569     -2.7015     -4.0541       4.011      1.2433      8.5783=0.49125,0.50875
-9.7678     -3.8814       2.509      7.4123      7.5885      7.1657=0.48625,0.51375
-8.6439      2.8958      2.3239      6.6289      9.2033      7.8843=0.47125,0.52875
-9.1325      3.0635      4.9991      5.4563      9.4904      4.8313=0.48625,0.51375
-8.8772      3.8076      3.0625       7.057      9.3446        7.03=0.485,0.515
-9.4042      6.6672     -3.1709      2.9086      9.8021      3.2212=0.47625,0.52375
-0.59674    -0.60974     -4.4206      2.6968      9.9901      7.2158=0.48,0.52
-1.395    -0.23628     -4.5109      3.6312      9.2028      7.6119=0.46875,0.53125
-1.4196      1.4993     -4.8174      6.6474       9.794      9.3829=0.4775,0.5225
-1.0698      8.4418     -4.6827      9.9378      9.9962      7.6027=0.4725,0.5275
-5.2237      6.1125     -8.6768      9.9894      9.9993      2.7622=0.48875,0.51125
-1.2167      9.7825     -7.8054      9.9913      9.9995      9.6654=0.47375,0.52625
-0.55841      9.4262     -7.7301      9.9922      9.9995      9.0542=0.4625,0.5375
1.4304      9.5258     -8.3223      9.9942      9.9996       9.109=0.47,0.53
4.1211      7.6824     -9.7955      9.9993          10      9.8914=0.4875,0.5125
0.644      9.7003      -6.595      2.6112      8.7781       9.983=0.5075,0.4925
-0.37341      9.6849     -6.9247      9.5484      9.9998      9.4078=0.4525,0.5475
1.0498      9.8515     -3.9889      9.3462       9.874      7.6406=0.5,0.5
-1.4359      8.9599     -4.6394      9.0615      9.9208      8.3504=0.47,0.53
-3.081      9.2786      -4.412      9.0193       9.945      8.8558=0.48625,0.51375
-1.5299      7.8338     -1.4587      8.1648      9.9809       5.056=0.4775,0.5225
0.78057      8.5409     -5.9207      5.9653      8.9763      1.8018=0.49625,0.50375
-1.4488       8.346     -7.9729      5.3668      9.5274      1.0215=0.50125,0.49875
1.1673       8.832     -6.2456      5.2547      9.1806      1.4221=0.49125,0.50875
0.30621      8.0348     -6.7765     0.43193      9.2555     0.43832=0.48268,0.51732
-0.44631      9.7549     -3.0415      3.2104      9.9215      1.0669=0.47625,0.52375
2.2631      9.9726     -4.5343      4.7887      9.3331      3.1547=0.4875,0.5125
1.0657      9.2443     -4.0024      4.2094      9.6559      4.4095=0.50125,0.49875
0.74197      5.4818     -4.7074       4.101      8.0711      4.0988=0.465,0.535
-0.68062      6.4076     -1.7732       1.893      6.9746      4.4977=0.475,0.525
-1.3877      5.3679     -2.9465      5.0087      9.5131      6.6769=0.47875,0.52125
-1.3452      5.4813     -2.9872      4.9977      9.5317      6.6788=0.48125,0.51875
0.79317      4.1516     -2.8327      4.9057      9.2139      9.3874=0.52375,0.47625
-0.090905      2.9439     -3.6299      7.6481      9.3347      9.5684=0.49625,0.50375
1.8816     0.99296     -4.7413      7.8404      8.0637       9.869=0.4925,0.5075
-0.23336      2.8645      -4.088      7.2815      7.1028      9.9146=0.48125,0.51875
0.097004      2.7151     -4.1546      7.9767       7.566      9.9421=0.49,0.51
0.45462      3.3656     -6.0055      8.1813      6.2486      8.4442=0.48375,0.51625
1.297      1.4888     -3.0846      7.7327      7.8713      8.8443=0.4675,0.5325
1.8907      2.7832     -3.3756      7.4232      5.8641      9.0706=0.4925,0.5075
2.0583      1.2903     -2.8563      6.9734       5.783      9.8656=0.47625,0.52375
2.9004      1.3113     -3.2314      5.7334      6.2163      9.9643=0.4775,0.5225
4.454      2.4887     -2.4827      5.7979      6.9051      9.9635=0.4675,0.5325
4.4025      2.4563     -2.4187      5.7866      7.0152      9.9661=0.44375,0.55625
3.8767      2.2985     -2.4647      5.8917      6.4773      9.9805=0.46,0.54
5.5497      2.5576     -3.3106      4.8559      7.1703      9.2208=0.49,0.51
4.7347      3.4878      -3.184      5.7023      5.8973      9.8658=0.475,0.525
4.7367      1.0634     -2.8425      5.5331      6.7761      9.9992=0.455,0.545
5.5771      1.5589     -3.5991      5.4928      7.7772      9.6156=0.4725,0.5275
4.7544      1.1119     -2.7343      5.4736      6.6912      9.9993=0.46875,0.53125
4.4099       1.065     -2.1327      4.4604      6.9352      9.6239=0.49875,0.50125
4.8179     0.58775      -1.125      4.0071      7.4024      9.8601=0.48,0.52
4.1076     0.14925     -1.2454      4.1183      7.8465      8.9382=0.4875,0.5125
4.1175   -0.048969     -2.1916      3.4277      7.6169       8.772=0.47375,0.52625
4.2641      -0.191     -1.8588      3.3961      8.2508      9.7123=0.485,0.515
3.7774    -0.36141     -1.4936      3.7744      7.9133      8.9181=0.49125,0.50875
4.6392    -0.51193     -1.9434      2.9698      8.1825      9.9141=0.46625,0.53375
4.0688     -0.4257     -1.3249      2.8708      8.4663      9.3783=0.49625,0.50375
3.5872     0.14456     -1.4344      2.5845      8.1323      9.0333=0.4775,0.5225
3.4482    0.085839     -1.8761      2.9323      7.5023       8.717=0.475,0.525
4.0531    -0.27341     -1.6922      2.4904       7.445      8.8248=0.4975,0.5025
2.8282    0.086903     -1.5653      2.6025      7.6103      9.0561=0.48625,0.51375
2.965    -0.44063     -1.4999      2.8826      7.8423      9.4002=0.47875,0.52125
3.2318    -0.76841     -1.4523      3.0128      8.4106      9.2392=0.45875,0.54125
3.0088    -0.52429     -1.9081      2.9675      8.1213      8.9125=0.44875,0.55125
3.0813   -0.025026     -1.8673      2.9442      8.1194      8.5235=0.46375,0.53625
2.6418    -0.96794     -1.6951      3.0508      8.1659      8.9257=0.47625,0.52375
2.9157    -0.77453     -1.7894      2.7064      8.2425      9.3399=0.475,0.525
2.7354    -0.41901     -1.5568      2.6395      8.1579      9.0377=0.48,0.52
2.7049    -0.48629      -1.226      2.5258      7.8042      9.2681=0.5,0.5
2.2401    -0.44303     -1.2486       2.743      7.9349      9.1932=0.47125,0.52875
1.9013    -0.38534     -1.3778      2.7939      8.2241      9.3935=0.4575,0.5425
1.8914    -0.72618     -1.5545      2.9797      8.2611      9.2987=0.4875,0.5125
1.7601    -0.98507     -1.2759      3.0201      8.3615      9.4334=0.46375,0.53625
1.9376    -0.92467     -1.5169       2.806      8.2769      9.2556=0.4825,0.5175
1.7178    -0.67424     -1.2823      3.0242      8.1896      9.5604=0.4775,0.5225
1.7117     -1.0981     -1.4714      3.0344      8.5069      9.7053=0.49,0.51
1.6852     -1.0039     -1.0248      3.2515      8.3267      9.4729=0.475,0.525
1.48     -0.9475     -1.1652      2.8876      8.4246      9.5456=0.4625,0.5375
1.4842    -0.95705     -1.3652      2.7811      8.6156       9.402=0.475,0.525
1.4887    -0.71104     -1.3705      2.8006      8.4692      9.4569=0.49,0.51
1.4773    -0.71598     -1.2747      2.8575      8.5809      9.3584=0.495,0.505
1.4032    -0.92735     -1.3576      2.8208      8.4737      9.3234=0.49375,0.50625
1.4189    -0.88255     -1.2754      2.7651       8.708      9.2529=0.49125,0.50875
1.4476    -0.87837     -1.5262      2.7588      8.6802      9.1991=0.49,0.51
1.3221    -0.92453     -1.6387       2.831       8.692      9.0438=0.4675,0.5325
1.2203    -0.82569     -1.5926      2.7996      8.7683      9.1971=0.465,0.535
1.2644    -0.72832     -1.6001      2.7828      8.6044      9.1087=0.46625,0.53375
1.1544     -0.8216      -1.662      2.7562      8.7168      9.0383=0.4725,0.5275
1.0663    -0.73007     -1.6219      2.7451      8.6768      8.9002=0.46375,0.53625
0.97008    -0.74199     -1.4927      2.7611      8.7764      8.8764=0.49375,0.50625
1.2143    -0.74161     -1.6841      2.7864       8.755      8.8827=0.4775,0.5225
1.1376    -0.76675     -1.5361      2.6931      8.7652       8.833=0.4675,0.5325
1.0267    -0.61842     -1.5913      2.8154      8.6504      8.9429=0.4625,0.5375
0.92009    -0.70779     -1.5333      2.8231       8.659      8.9564=0.5,0.5
1.0322    -0.72368     -1.5561      2.8401      8.6666      8.8686=0.49,0.51
0.99623    -0.79152      -1.513      2.7814      8.5867      8.8673=0.47625,0.52375
0.9479    -0.70126      -1.476      2.8367      8.5748      8.8607=0.46,0.54
0.96735    -0.74742     -1.4641      2.7827      8.5919      8.7667=0.47625,0.52375
0.96921    -0.68091     -1.5141       2.805      8.5238      8.7986=0.5075,0.4925
1.0211     -0.7069     -1.5472      2.7998      8.5887      8.7989=0.46,0.54
1.0639    -0.76203     -1.5279       2.733      8.6041      8.8091=0.48875,0.51125
1.0245    -0.73921     -1.5917      2.7915      8.6057      8.8237=0.505,0.495
1.1053    -0.71317     -1.5407      2.7096      8.6384      8.8633=0.44,0.56
1.0829    -0.70005     -1.5557      2.7169      8.7241      8.8501=0.49625,0.50375
1.1034    -0.71362     -1.5044      2.7373       8.631      8.7897=0.4625,0.5375
1.1521    -0.69312     -1.4637      2.7148      8.6742      8.8021=0.47375,0.52625
1.1233    -0.72857     -1.5129      2.7417      8.6842      8.7379=0.4875,0.5125
1.1453    -0.75124     -1.4794       2.753      8.6397      8.8263=0.4825,0.5175
1.12    -0.73142     -1.4586      2.7389      8.6655      8.8784=0.4675,0.5325
1.1596    -0.73356     -1.4728      2.7204      8.6613       8.929=0.51875,0.48125
1.0813    -0.76185     -1.4234      2.7508      8.6778      8.8889=0.48125,0.51875
1.0791    -0.79756     -1.4389      2.7206       8.686      8.9162=0.46,0.54
1.0898    -0.81775     -1.3904      2.7353      8.6904      8.9298=0.4825,0.5175
1.0719    -0.81687      -1.365       2.697      8.7042      8.9178=0.48,0.52
1.0726    -0.80692     -1.3725      2.7235      8.6636      8.9108=0.4575,0.5425
1.0713    -0.81217     -1.3353      2.7092      8.6776      8.8853=0.49875,0.50125
1.0495    -0.82172     -1.3206      2.6911      8.6795      8.8523=0.48,0.52
1.0496    -0.82172     -1.3206      2.6911      8.6795      8.8523=0.47375,0.52625
1.0495    -0.82182     -1.3206      2.6911      8.6795      8.8523=0.46625,0.53375
1.0495    -0.82172     -1.3207      2.6911      8.6795      8.8523=0.44625,0.55375
1.0495    -0.82172     -1.3206      2.6912      8.6795      8.8523=0.47875,0.52125
1.0495    -0.82172     -1.3206      2.6911      8.6796      8.8523=0.49,0.51
1.0495    -0.82172     -1.3206      2.6911      8.6795      8.8524=0.49375,0.50625
-0.51913      5.2424      8.2715     -8.0622     -7.1478      9.8248=0.49375,0.50625
-9.6983     -9.7494    -0.43821     0.74146      9.9639      9.9687=0.4775,0.5225
-8.0359     -9.5201     0.71419    -0.44443      9.9679      9.9721=0.48125,0.51875
1.7399     -9.8645     -6.9757      7.0518      3.1146      9.9921=0.48,0.52
1.3424      -9.924     -8.3026      5.6629     -2.6396      8.3869=0.46375,0.53625
3.846     -9.9572     -5.4588     -1.1783     -5.8544      9.0915=0.50375,0.49625
7.4867     -9.9825      3.6865      5.4347     -8.3069      1.0564=0.48875,0.51125
6.7825      -9.441     -1.0453      7.0131     -1.9777      2.3975=0.46125,0.53875
-0.6906     -9.9578      7.1725     -8.7158       7.681      9.4261=0.48,0.52
3.5928     -9.5472     -2.7472      7.5808     -3.5024      3.1647=0.50875,0.49125
9.7904      2.1168      8.2235     -7.9867     -9.4774     -6.5213=0.49375,0.50625
9.808         1.1      8.3725     -7.1217     -9.5213     -6.8132=0.485,0.515
-2.8027     0.88023      8.3205      3.8804     -7.2341    -0.98795=0.46125,0.53875
-3.5806      1.1681      8.2508      2.4252     -5.3713    0.055955=0.475,0.525
-6.5824     -4.8336      1.8178      3.8951     -8.6866     -2.6261=0.47875,0.52125
-8.9652      5.4287     -6.2521      3.2494     -9.6023     -4.7511=0.495,0.505
-7.5928     -6.2899      4.2368         5.7      -6.511       -3.89=0.4625,0.5375
-9.597     -7.0777      9.0352     -3.2027     -9.4159      3.7765=0.52554,0.47446
-8.3872    -0.80476      8.8935      3.6991      6.8299       2.755=0.49125,0.50875
-8.5983     -7.8396      6.6441      5.0591      0.3856     -1.3489=0.485,0.515
-6.8356     -8.1428      2.9784      6.1473      1.6481      0.2538=0.50375,0.49625
-9.893     -7.9602      7.0225       1.482     -9.2074     -9.3398=0.53,0.47
-4.1742     -9.8534     -7.2726     -2.1016       2.392     -9.1536=0.4625,0.5375
-1.8755     -9.9104      -5.025       2.605      2.6256     -6.7032=0.45625,0.54375
-2.086     -6.3297     -5.5556      2.5181      4.5164     -7.5485=0.48625,0.51375
3.3674      0.4633     0.99507      3.7947        5.59      5.0295=0.47875,0.52125
-1.3782      -7.179     -6.3898      2.1472      1.6437     -7.2374=0.505,0.495
-6.9291     -9.8648      2.2553      1.9698      9.5994    -0.66972=0.4675,0.5325
-7.3465     -9.0705      1.2771       2.068      9.6539     0.74497=0.49625,0.50375
-0.40365     -8.7975     -9.2297      3.7106      8.2069     -6.9234=0.4825,0.5175
-0.12155      -5.826     -4.7596      2.7081      5.3589      -8.806=0.4725,0.5275
0.3785     -5.8542     -4.2236      3.3942      5.7956     -8.5979=0.49125,0.50875
0.29007     -7.9645     -1.6165      3.5865      7.7367      -5.241=0.45375,0.54625
-0.75452     -8.7636       0.337    0.038488       6.668     -7.3365=0.47,0.53
3.3989      1.2805     -4.8004      3.0398      3.6422     -7.0647=0.49125,0.50875
2.8899      1.2767     -4.8155      2.3583      3.1942     -7.3788=0.465,0.535
1.3254    -0.13304     -9.7776      4.1656      3.2606     -4.1118=0.4575,0.5425
6.756      2.4029     -9.0621     -1.1411      4.4188  -0.0031412=0.93173,0.068274
2.7739     -4.5731     -7.6489    -0.19697      8.1972     0.54088=0.505,0.495
4.9847     -4.9116     -8.6311      1.6803      7.3922      1.7146=0.48625,0.51375
6.0394       -3.01     -9.5424     0.67125      4.8003     -1.8175=0.4725,0.5275
3.3864     -4.9574     -9.9849     0.23242      5.4044     -8.5527=0.5,0.5
1.7454    -0.64602     -9.9984     -1.4092        4.01      -4.664=0.46875,0.53125
3.2791      2.2832     -7.8155       3.282      6.2407     -5.8261=0.475,0.525
6.2217     -1.4328     -7.0902     0.63024      1.3487     -2.9537=0.5,0.5
0.89484     0.39189     -6.1748      -3.493    -0.30607     -5.6959=0.47625,0.52375
4.563     0.70551     -1.6182     -4.3743      1.1282      -5.024=0.4825,0.5175
6.3717     0.45528     0.39547    -0.74362      2.8033     -7.5286=0.48625,0.51375
1.4859     0.70692     -3.7322     -6.0788      1.4888     -8.4965=0.46625,0.53375
0.34076     -2.0943     -5.5273     -6.4257      1.8129     -9.7639=0.515,0.485
1.2635     -1.6531     -4.9182     -5.6572     0.73003      -9.874=0.47875,0.52125
3.9143     -4.2933     -3.8148     -3.8892     0.92697     -8.3227=0.47375,0.52625
2.7531      -6.484     -1.4548     -1.3061      1.1333     -8.2429=0.475,0.525
2.7952     -6.1953     -1.2649     -4.0394      3.9185     -7.6896=0.475,0.525
1.5394     -6.8031       2.055     -2.6413      3.1175     -8.7036=0.4875,0.5125
4.8835     -6.7075     -2.5942     -2.0258      4.5657     -9.2675=0.50625,0.49375
3.2711      -7.515     -3.3909       -2.03       4.589     -9.9073=0.4825,0.5175
2.9026     -7.6511     -4.5015     -2.6477      6.6223     -7.4673=0.50125,0.49875
5.3826     -7.8662     -3.5465    -0.35732      5.9709     -9.3675=0.50625,0.49375
2.9496     -9.2408     -2.2189     -1.5257       4.073     -7.7156=0.49875,0.50125
3.9355     -9.9583     -2.1955     0.59707      4.4847      -7.867=0.475,0.525
2.4317     -8.6993     -2.2371     0.47449      4.0469     -9.7921=0.475,0.525
3.2023     -8.6827     -3.6694     0.80529      2.8845     -8.3984=0.4975,0.5025
6.1063     -9.9247     -1.6564      0.9471      5.2703     -7.2809=0.4775,0.5225
3.8547     -9.9634     -1.9923      0.5476      4.5031     -7.7152=0.5,0.5
3.8565     -8.0378     -2.0138      1.3123      5.3558     -7.5458=0.46625,0.53375
2.5435     -9.0812      -1.897     0.39417      5.2659     -6.7093=0.45,0.55
1.7908     -8.6928     -1.6666      1.6012      6.1706     -7.5833=0.4925,0.5075
2.0279     -8.1427    -0.74068      1.2318      5.8361      -6.213=0.50375,0.49625
1.6303     -8.4127    -0.11952      1.9201      5.1794     -4.8519=0.455,0.545
1.7665     -8.5392     0.30154      1.1487       3.838     -5.4328=0.49905,0.50095
2.3961     -9.3516     -0.2768      1.4966      2.7292     -5.6028=0.47625,0.52375
1.8505     -9.1397  -0.0051896      1.3646      1.4231     -6.2009=0.4725,0.5275
2.2221     -8.3731    -0.36514      1.1393      1.7954       -5.08=0.49,0.51
2.3938     -8.2112     0.75759      1.1376      2.2492     -4.2556=0.49125,0.50875
2.1264     -7.7142      1.5949     0.73516      2.8368     -3.6533=0.42321,0.57679
2.0805      -8.415      1.8565    -0.19715      2.8133      -3.496=0.48137,0.51863
1.8316     -8.7836     0.89365    -0.20666      2.5536     -4.1475=0.46476,0.53524
1.2232     -8.4339     0.81145    -0.13156      3.3973     -3.8006=0.39256,0.60744
1.1245     -8.5596    -0.17899   -0.060379      3.9575     -3.8755=0.47375,0.52625
0.82534     -8.6057      0.3369   -0.055869      2.5626     -3.7699=0.63268,0.36732
1.1644     -7.9466      0.7972    -0.32154      3.4885     -2.9492=0.44024,0.55976
0.58978     -8.6618     0.50785    0.071804      2.9697     -3.4657=0.96238,0.037619
0.78989     -8.2505     0.53334     0.45263      3.2122     -3.5761=0.36786,0.63214
0.46744     -8.0617     0.90643     0.91759      3.5058     -3.9063=0.75911,0.24089
0.361     -8.6819     0.25771    0.092955      3.3082     -3.3599=0.475,0.525
0.84176     -8.0015     0.18608     0.09422      3.7112     -3.6947=0.58423,0.41577
0.97183     -8.3058      1.1742     0.55999        3.23     -3.2225=0.36548,0.63452
1.2743     -7.7727     0.94307     0.61625      3.4706     -3.2465=0.38625,0.61375
1.0344     -8.2865     0.69885     0.51899      3.7093      -3.243=0.38899,0.61101
1.232     -8.3419      1.1889    0.071107      3.1391     -3.1012=0.36929,0.63071
1.4297     -8.2513     0.88095   -0.058727      2.7054     -2.9833=0.38274,0.61726
1.3501     -8.4571     0.68235    0.069327      2.9583     -3.2889=0.41637,0.58363
1.5071     -8.0682      1.3233    -0.13555      3.0781     -2.8442=0.38601,0.61399
1.4806     -8.0473      1.6044   -0.025267      2.8532     -2.4855=0.3919,0.6081
1.8381     -7.9387      1.1241    0.014004      3.0767     -3.0521=0.39423,0.60577
1.5499      -8.302     0.99383    0.059515      2.9611     -2.8586=0.39536,0.60464
1.612     -7.9772      1.3391    -0.24053      3.4752     -2.8689=0.42946,0.57054
1.7377     -7.9277       1.685   -0.099036      3.5102     -2.7161=0.39762,0.60238
1.7295     -7.7325      1.8293    -0.38036      3.4707     -2.7096=0.47131,0.52869
1.4351     -8.0395      1.6603    -0.26038       3.512     -2.7305=0.44298,0.55702
1.3922     -8.1484      1.6284   -0.044677      3.6502     -2.9223=0.35804,0.64196
1.1511     -8.1844      1.5656    0.040325      3.6188     -2.7204=0.34256,0.65744
1.0781     -7.9451      1.6526   -0.021128      3.6051      -2.898=0.31744,0.68256
1.1562       -8.03      1.5943      -0.104      3.4802      -3.132=0.30708,0.69292
1.2785     -8.2327      1.6405   -0.047022      3.3456     -3.0631=0.33994,0.66006
1.1436     -8.0696      1.7669    -0.17494      3.5608     -2.9406=0.3672,0.6328
1.1595     -8.0447      1.8845    -0.11731      3.5836     -2.7109=0.37577,0.62423
1.0575     -7.9196      2.0362    -0.03415      3.5256     -2.7718=0.3353,0.6647
1.0525     -7.9007        2.25   -0.098431      3.5302     -2.6693=0.3669,0.6331
1.0733     -7.9316      2.0824    0.024674       3.482     -2.7263=0.32542,0.67458
1.1653     -7.8495      1.9916   -0.044999      3.6103     -2.7465=0.34429,0.65571
1.1172     -7.9454      2.0429   -0.074695        3.77     -2.7755=0.32173,0.67827
1.1256     -8.0526      1.9766    -0.10639      3.8483     -2.6527=0.3519,0.6481
1.1524     -7.8764      1.9299     -0.1208      3.7288     -2.6642=0.36315,0.63685
1.1521     -8.0245      2.1078    -0.18029      3.7458     -2.7063=0.3525,0.6475
1.1851      -8.155      2.1388    -0.12388      3.6923     -2.7501=0.34708,0.65292
1.1656     -8.1521      2.2504   -0.021778      3.7036     -2.7393=0.36125,0.63875
1.1874     -8.0811      2.1588   -0.049395      3.6306     -2.6726=0.36321,0.63679
1.1703     -8.0779      2.0603    -0.11048      3.7754     -2.7111=0.35458,0.64542
1.1685     -8.1662      2.2666    -0.15546      3.6515     -2.7704=0.37857,0.62143
1.1249      -8.145      2.2958    -0.19369      3.6426     -2.6624=0.40821,0.59179
1.1127     -8.2045      2.4049    -0.17279      3.6424     -2.6516=0.34429,0.65571
1.0884     -8.2261       2.476     -0.1406      3.5902      -2.714=0.38613,0.61387
1.1381     -8.1587      2.3828    -0.11727      3.6093     -2.7152=0.36452,0.63548
1.1895     -8.2195       2.454    -0.17404       3.652     -2.6998=0.38244,0.61756
1.1311     -8.2426      2.3478    -0.13826      3.6009      -2.607=0.36173,0.63827
1.1609     -8.2244      2.4433    -0.20491      3.6731     -2.6008=0.35054,0.64946
1.0637     -8.2423      2.4126    -0.13469      3.6213     -2.6944=0.33554,0.66446
1.0383      -8.282      2.4423    -0.15079      3.6715     -2.6569=0.33679,0.66321
1.0438     -8.2949      2.4039    -0.20563      3.6839     -2.6232=0.39542,0.60458
0.99339     -8.2489      2.4411    -0.13215      3.7152     -2.6757=0.34673,0.65327
1.0231     -8.3002      2.4121    -0.11113      3.7124     -2.6742=0.35083,0.64917
1.0071     -8.2444      2.4253    -0.16303      3.6291     -2.6455=0.34238,0.65762
1.0497     -8.2783      2.5045    -0.15677      3.6939     -2.6423=0.35351,0.64649
1.0502     -8.2953      2.4927    -0.17671       3.655     -2.6033=0.37893,0.62107
1.0805     -8.2472      2.5137    -0.13383      3.6761     -2.6191=0.3406,0.6594
1.077      -8.268      2.5322    -0.11865      3.7218     -2.6117=0.39762,0.60238
1.0908     -8.2357      2.4713    -0.11949      3.6835     -2.6465=0.35143,0.64857
1.0725     -8.2854       2.544    -0.12542       3.664     -2.6257=0.36988,0.63012
1.0898     -8.2789      2.5217      -0.153      3.6922     -2.6414=0.35524,0.64476
1.0793     -8.2989       2.544    -0.17206      3.6886     -2.6681=0.35833,0.64167
1.0923     -8.3142      2.5266    -0.18025       3.686     -2.6339=0.34417,0.65583
1.0731     -8.3036      2.5185    -0.19595      3.7149     -2.6378=0.37702,0.62298
1.0585     -8.3256      2.5169    -0.20033      3.7435     -2.6389=0.38304,0.61696
1.0586      -8.294      2.5121    -0.19756      3.7143     -2.6049=0.33726,0.66274
1.0658      -8.305      2.4973     -0.1976      3.7249     -2.5764=0.33798,0.66202
1.0591     -8.2888      2.4753    -0.18305      3.7219     -2.5881=0.37792,0.62208
1.0574     -8.2847      2.4942    -0.17698      3.7455     -2.5975=0.34815,0.65185
1.0641     -8.2669      2.4921    -0.17836      3.7633     -2.5815=0.36762,0.63238
1.0804       -8.28      2.5052    -0.17975      3.7512     -2.6084=0.32351,0.67649
1.0885     -8.2796      2.4932    -0.17444      3.7348     -2.6247=0.3897,0.6103
1.0661      -8.278      2.5055    -0.17214      3.7696     -2.6158=0.34798,0.65202
1.0783     -8.2961      2.4905      -0.191      3.7525     -2.6112=0.34839,0.65161
1.0627      -8.288      2.4954    -0.18514      3.7571     -2.5987=0.35351,0.64649
1.0648     -8.2896      2.4854    -0.19046      3.7539     -2.6271=0.37202,0.62798
1.0641     -8.2977      2.4978    -0.19087      3.7475     -2.6124=0.34,0.66
1.0454     -8.2937      2.4978    -0.19309      3.7433     -2.6147=0.3825,0.6175
1.0614     -8.2935      2.4817    -0.19516      3.7387     -2.6085=0.35554,0.64446
1.0696      -8.287      2.4762    -0.19681      3.7437     -2.5954=0.35815,0.64185
1.067     -8.2891      2.4897    -0.19424      3.7249     -2.6093=0.35339,0.64661
1.0609        -8.3      2.4971    -0.20014      3.7201     -2.6098=0.34756,0.65244
1.072      -8.298       2.508    -0.20084      3.7212     -2.6116=0.36958,0.63042
1.053     -8.2993      2.4927    -0.20767      3.7136     -2.6148=0.3519,0.6481
1.0467     -8.2998      2.4935    -0.20584      3.7101     -2.6269=0.33185,0.66815
1.0458      -8.299      2.4872    -0.20285      3.7119     -2.6384=0.38,0.62
1.0461     -8.3034      2.5002    -0.21445      3.7141     -2.6269=0.36536,0.63464
1.0415     -8.3008      2.4917    -0.20873      3.7159     -2.6353=0.36821,0.63179
1.0468     -8.3012      2.4886    -0.20859      3.7196     -2.6239=0.34821,0.65179
1.0402     -8.2961      2.4997    -0.20638      3.7126     -2.6223=0.36429,0.63571
1.0403     -8.2961      2.4997    -0.20638      3.7126     -2.6223=0.36637,0.63363
1.0402     -8.2962      2.4997    -0.20638      3.7126     -2.6223=0.36792,0.63208
1.0402     -8.2961      2.4998    -0.20638      3.7126     -2.6223=0.35958,0.64042
1.0402     -8.2961      2.4997    -0.20648      3.7126     -2.6223=0.35274,0.64726
1.0402     -8.2961      2.4997    -0.20638      3.7127     -2.6223=0.35607,0.64393
1.0402     -8.2961      2.4997    -0.20638      3.7126     -2.6224=0.38173,0.61827
3.4361      1.1074      6.3546      5.0393     -3.3352      3.8651=0.49,0.51
6.9949      1.8115       4.794      7.7289      3.8947      7.1913=0.48125,0.51875
5.8921      4.0428      6.2126      2.8979      5.5584       3.777=0.45625,0.54375
6.1254      4.3811      6.4277      2.1656       4.675      4.1303=0.49625,0.50375
6.2602      2.7848      5.8483      1.7424      5.9563      2.5427=0.48488,0.51512
6.3961      6.3289     -1.9363      5.7985      4.3144      6.2057=0.48875,0.51125
3.3869      3.5341       2.138      4.6775      7.3936      5.1934=0.49625,0.50375
5.1062      5.2151      3.2728      6.0613      6.1503      1.2433=0.475,0.525
5.8856      7.8012     -3.9008      8.1901      7.5051     -4.8334=0.485,0.515
8.688      8.7172     -2.6247    -0.95339      8.9679     -1.3803=0.495,0.505
7.6986      8.3144     -1.6619    -0.11806       8.434    -0.51237=0.81208,0.18792
-0.55562      9.3586     -6.3125     0.03472       9.484        4.31=0.49375,0.50625
-1.8055      9.4675     -6.8764     -1.0832      6.1767       1.881=0.4675,0.5325
1.4589      7.1284     -5.4097     -4.0943     0.71406      3.4286=0.50625,0.49375
2.913      6.7782     -2.7863     -5.0997      1.0996      1.6561=0.495,0.505
4.9306      2.6994     0.25208     -1.8573      3.6334      1.5514=0.49375,0.50625
6.0176      2.8455     -1.9463    -0.25006     0.71003      1.9022=0.67988,0.32012
8.4251      3.0879      -6.815      4.3827      8.0221     -5.4622=0.4525,0.5475
9.2646      5.4647     -8.5128      2.8682     -1.5846      -6.434=0.47125,0.52875
9.5643      5.4195     -3.3682      4.5701      5.9349     -8.7487=0.4775,0.5225
9.6962      6.8056      -5.375      4.9175      6.6796     -6.3905=0.47125,0.52875
9.9484      7.5033     -9.2149      -5.051       4.005    -0.62474=0.4875,0.5125
9.9681      8.4577      -9.515     -6.9427      6.2966      3.3657=0.48125,0.51875
8.9892      7.3109     -9.6844     -8.0105      2.9823      4.7159=0.4675,0.5325
4.9834      5.1712     -9.8105     -8.8054    -0.52349      6.4408=0.47125,0.52875
6.8742      5.5786     -9.9059     -5.5898     -4.7686      8.2323=0.45875,0.54125
2.8255      7.6126     -9.9908     -9.5666        1.28      1.1903=0.49375,0.50625
0.70787      8.2838     -9.9934      -9.498      3.7314       2.812=0.49375,0.50625
4.9932       9.381     0.88485     -4.2999     0.18132      8.7394=0.48,0.52
7.4434       9.718     -2.8952     -7.3682      4.4784      9.4257=0.47125,0.52875
7.1513      8.8601      2.8808    -0.65967      3.9013    -0.67036=0.50482,0.49518
8.7108      9.8578     -4.5891     -8.3495      5.4508      7.9918=0.49625,0.50375
9.3746       9.931     -6.5131     -7.5333     0.69755      5.3613=0.48875,0.51125
9.817      9.9798     -8.9795      -6.578      6.6864      2.8256=0.46625,0.53375
9.965      3.5198      -2.472     -7.7444       1.793      2.0351=0.475,0.525
9.8537      9.9839     -8.7915      -7.264      6.6772      2.9701=0.47375,0.52625
8.6799      9.9843     -8.6579     -5.9699      5.7122       2.568=0.4825,0.5175
9.782      9.7687     -7.6221     -7.3928      7.3465      4.1342=0.48625,0.51375
8.2497      5.3205     -9.3333     -9.4721      9.3051      1.7538=0.485,0.515
8.2748       5.324     -9.2881      -9.332      9.3202      1.6987=0.4725,0.5275
8.0191      5.4509     -9.3268     -9.3683      9.3571      1.5496=0.47,0.53
9.1185      1.0566     -5.2445     -9.1775       5.751      3.4986=0.49,0.51
9.5492     0.78572     -5.7412     -8.1709      5.5136     0.14788=0.45625,0.54375
9.5609     0.78198     -5.7234     -8.1101       5.478     0.31327=0.47875,0.52125
9.8074     0.41468     -2.9483     -8.5972       7.339      1.0117=0.50375,0.49625
6.7947     -1.6106     -9.9355     -7.9303      6.4123     -1.4388=0.47125,0.52875
7.8882     -2.4838     -9.9502     -8.6429      6.6128    -0.85845=0.475,0.525
4.0858    -0.55613     -7.8313     -6.4631      3.0671     -3.2039=0.46875,0.53125
5.5995     -3.5649     -9.2097      -6.043      2.3595     -6.8644=0.49625,0.50375
3.6857     0.55651     -4.3801     -8.5329     0.57808     -3.8662=0.50625,0.49375
1.4986    -0.47927      -4.168       -6.52     0.89389    -0.31787=0.47875,0.52125
0.58846      2.7731     -5.4426     -5.1247     0.88319      1.8092=0.4975,0.5025
-1.0323      1.5066     -3.4186     -6.4898      1.6006      4.5311=0.4975,0.5025
-1.3429      4.9493     -3.5405     -3.4662     0.47047      1.1739=0.485,0.515
-0.97712      6.5246     -3.4734    -0.36681      1.8231      0.2384=0.4875,0.5125
-1.9719      7.7769     -1.6447      -2.079      2.5844     -1.7407=0.4825,0.5175
-1.9855      9.2018     -1.2965     -1.0559      2.6466    -0.97815=0.48375,0.51625
-3.5229      7.3539     -2.0037     -1.5759     0.79724    -0.41864=0.48625,0.51375
-2.3609      9.9432    -0.26333     0.97277      1.0477     0.25689=0.50375,0.49625
-2.0604      9.2301     -1.2921     -1.0656       2.623    -0.92816=0.46875,0.53125
-2.7996      9.0398     0.90147     -1.4622      3.6456     -2.0227=0.48,0.52
-2.5076      7.0649     0.22535     -2.7186      4.5253     -1.6571=0.4725,0.5275
-4.2914      5.8737    -0.61721     -3.0216      4.2341    -0.98772=0.48875,0.51125
-4.2999      4.7975      -1.581     -2.7837       2.419     -1.5795=0.50125,0.49875
-4.0842      5.9887    -0.96324     -1.8035      3.5503    -0.47945=0.4775,0.5225
-4.9232      7.4948    -0.76243     -1.7117       2.366    -0.78141=0.47625,0.52375
-5.5544      7.1468     0.42013     -1.8349       1.027   -0.065762=0.48625,0.51375
-5.0188      6.7113    -0.69079     -2.0645      1.5911     0.86849=0.485,0.515
-6.0038       6.145      0.4912     -1.8891      2.1091     0.29663=0.4925,0.5075
-5.0981      6.0452    -0.27163     -2.3997      3.1407     0.87101=0.47625,0.52375
-4.4271      6.5246     -1.2833     -2.4364       4.113     0.56066=0.48375,0.51625
-4.6801      6.3784    -0.49871     -2.7452       3.597      1.8332=0.5075,0.4925
-4.3979      6.1008     0.64835     -2.3195      4.2768      2.2335=0.5075,0.4925
-3.3755      6.5507    -0.56635      -2.984      3.6097      1.5748=0.44875,0.55125
-3.9584      6.6702    -0.96777     -4.0007      3.1688      1.1987=0.4625,0.5375
-3.7681      6.4488    -0.45285     -3.9852      4.0619     0.96903=0.46625,0.53375
-3.1891      7.1197    -0.94423     -2.8756      2.6636      1.2318=0.4825,0.5175
-3.1778      7.9873    -0.62581     -2.3435      3.0572      1.0007=0.47125,0.52875
-2.6023      7.8682      -1.046     -1.9404      2.5211     0.49211=0.48375,0.51625
-1.7429      7.6595    -0.86364     -2.2427      2.8399     0.63688=0.495,0.505
-2.5637      7.9906    -0.87758      -1.173      1.9251      0.2488=0.4775,0.5225
-3.3292       7.673    -0.80777     -1.4132      1.9262     0.55255=0.47375,0.52625
-4.0041       7.312     -1.0239     -1.4117      1.9147     0.18457=0.4575,0.5425
-4.1309      7.8553     -1.1974     -1.4483      1.9216     0.83195=0.46375,0.53625
-4.5999      8.1717     -1.0698    -0.92908      1.7983     0.66053=0.46,0.54
-4.6557      8.3435     -1.6818     -1.2489      1.5098     0.73769=0.48375,0.51625
-5.075      8.8142      -1.692     -1.3911      1.6014      1.0436=0.51375,0.48625
-4.403      8.6619     -1.8188    -0.77186      1.7825     0.79927=0.47,0.53
-4.357      8.7618      -2.248    -0.56366      2.2189     0.92593=0.48,0.52
-4.1113      9.0118     -2.5677    -0.63333      1.8705     0.72013=0.4825,0.5175
-4.616      8.8864     -2.2313    -0.79217      2.5499      1.2789=0.44625,0.55375
-4.7893      8.6644     -2.4946    -0.38071      2.5029      1.2015=0.48,0.52
-4.2739      8.9333     -2.0855     -0.9164      2.2036      1.3647=0.47125,0.52875
-4.1182      8.7679     -2.3697    -0.71836      2.3226      1.0759=0.4975,0.5025
-4.0782        8.75     -2.2074      -0.798      2.1797     0.62346=0.49,0.51
-3.9935      8.5962     -1.9608     -1.0207      2.0334     0.38198=0.46625,0.53375
-4.088      8.5809     -2.3581     -1.1505      2.0664     0.30166=0.4875,0.5125
-4.2482      8.4572      -2.548     -1.2912        2.12    0.018326=0.49,0.51
-4.1576      8.3652     -2.2909     -1.0514       2.116    -0.12344=0.48,0.52
-4.3575      8.3402     -2.0489     -1.2384      2.0931   -0.057197=0.47125,0.52875
-4.449      8.3071     -2.0217     -1.2538      2.0938     0.30449=0.48375,0.51625
-4.5027      8.3088     -1.8707     -1.4076       2.108     0.13118=0.47125,0.52875
-4.4686      8.5038     -1.9922     -1.4566      2.1212    0.066451=0.47375,0.52625
-4.5358      8.4507     -1.8939     -1.7377      2.1048     0.10957=0.49125,0.50875
-4.4211      8.3282       -1.75     -1.8048      2.1016   -0.071878=0.47,0.53
-4.2931      8.2833     -1.5858     -1.7593      2.2568    -0.13691=0.45875,0.54125
-4.3183      8.2059     -1.5853     -1.8035      2.2247    -0.39502=0.4775,0.5225
-4.2955      8.1115     -1.7449     -1.8067      2.2799      -0.197=0.47625,0.52375
-4.3427      8.1507     -1.7284     -1.8967      2.4526   -0.064664=0.47625,0.52375
-4.4591      8.2282     -1.6441     -1.8872      2.3292     0.02706=0.47625,0.52375
-4.199      8.2015     -1.6831          -2      2.3614   -0.056393=0.50625,0.49375
-4.5042      8.0681     -1.7658     -1.8606      2.4055   -0.041415=0.4875,0.5125
-4.566       7.951     -1.6753     -1.7702      2.4573   -0.054065=0.48125,0.51875
-4.5287      7.9263     -1.8241     -1.7833      2.5093    -0.13826=0.4975,0.5025
-4.5388      8.0195      -1.644     -1.7238      2.3888    0.084664=0.46625,0.53375
-4.615      7.9949     -1.6338     -1.8004      2.3826   -0.043837=0.4725,0.5275
-4.5855       8.037     -1.7136     -1.5988      2.3642    0.039267=0.48625,0.51375
-4.6034       8.123     -1.6783     -1.7879      2.3511    0.093631=0.465,0.535
-4.6504      8.1465     -1.7319     -1.7248      2.2707     0.16282=0.485,0.515
-4.5661      8.1871     -1.7028     -1.7644      2.2681     0.24658=0.47625,0.52375
-4.5042       8.158     -1.6754     -1.6996      2.2846     0.16227=0.4625,0.5375
-4.5076      8.0747     -1.6027      -1.725      2.2629      0.1981=0.48625,0.51375
-4.4686      8.1859     -1.6342     -1.7731      2.2359     0.21065=0.4675,0.5325
-4.4607      8.2249      -1.606     -1.8561      2.2924     0.20205=0.495,0.505
-4.4598      8.1587     -1.6422     -1.8393      2.2639     0.13493=0.48,0.52
-4.4687      8.2204     -1.6107     -1.7731      2.2529     0.15927=0.4725,0.5275
-4.4626      8.1849     -1.5883     -1.7095      2.2369     0.10162=0.49375,0.50625
-4.5382       8.203     -1.5668     -1.7052      2.2359     0.13209=0.47125,0.52875
-4.4859      8.2286     -1.5391     -1.6595      2.2479     0.10565=0.4725,0.5275
-4.5214      8.2041     -1.4997     -1.6485      2.1986     0.12866=0.4625,0.5375
-4.5275      8.2007     -1.5051     -1.6541      2.1265    0.099214=0.49,0.51
-4.575      8.1944     -1.5018     -1.7024      2.1062    0.085291=0.48625,0.51375
-4.5606      8.1681     -1.4537     -1.6645      2.1024    0.097459=0.495,0.505
-4.5568       8.161     -1.5021     -1.6719      2.0666     0.12328=0.48875,0.51125
-4.5898      8.1285     -1.4807     -1.6601      2.0986     0.12008=0.48125,0.51875
-4.5899      8.1285     -1.4807     -1.6601      2.0986     0.12008=0.4775,0.5225
-4.5898      8.1286     -1.4807     -1.6601      2.0986     0.12008=0.48375,0.51625
-4.5898      8.1285     -1.4808     -1.6601      2.0986     0.12008=0.49875,0.50125
-4.5898      8.1285     -1.4807     -1.6602      2.0986     0.12008=0.475,0.525
-4.5898      8.1285     -1.4807     -1.6601      2.0987     0.12008=0.47,0.53
-4.5898      8.1285     -1.4807     -1.6601      2.0986     0.12018=0.4775,0.5225
-6.8357      8.5635     -5.0173     -5.1222      4.9342     -0.4098=0.4625,0.5375
-6.6893      6.0837     -5.6829     -5.7738      2.9392     -1.6909=0.48125,0.51875
-9.1653      9.0307      6.0388      6.0111      4.2364      1.8546=0.48625,0.51375
-6.9713      7.8735     -5.2308     -5.3312      4.2943    -0.46706=0.46875,0.53125
-3.2328      4.7627     -6.2814     -6.3597      5.5512    -0.29797=0.485,0.515
9.4533      9.7836     -9.8464     -9.5987      9.8162     -9.5992=0.4975,0.5025
-0.33327      5.5563     -2.7138     -7.1573       6.526      1.9585=0.48625,0.51375
-0.20833      5.9597     -7.1313      -3.672      2.6885      1.1555=0.485,0.515
2.8497     -7.0395     0.47813     -9.3457     -7.2048   -0.059316=0.505,0.495
9.4886       -3.81     -9.2505      8.6162     -9.8001      2.4614=0.47125,0.52875
9.4866     -3.8002     -9.2524      8.5695     -9.7767      2.4803=0.4575,0.5425
4.035    0.060562     -5.0497      8.9697     -9.8392       4.584=0.4775,0.5225
-3.5311      5.9829     -1.0944      8.9735      -9.941      8.0126=0.47625,0.52375
-5.4664      7.1847     0.97951      3.2972     -9.9586      5.2605=0.5025,0.4975
-4.9339      6.8541     -2.5116      9.1961     -6.8551      8.4436=0.46125,0.53875
-5.2885    -0.92849      6.8848      9.8393     -9.3714      9.6889=0.47,0.53
2.6226       4.214      3.8925      5.4619     -9.6967      9.8499=0.4875,0.5125
-6.6724     -1.1131      9.6907       9.984     -9.9376      9.9691=0.48875,0.51125
-5.1902     -1.3915      6.8663      9.0996     -9.4035      9.7048=0.48375,0.51625
2.4492     -6.8593      7.0681      9.6715      -4.651      5.0162=0.46375,0.53625
7.3656     -9.5908      5.3097      9.4482      6.3282      9.3507=0.49625,0.50375
3.0782     -7.5233      4.4597      6.9212     -2.0258      6.0698=0.50875,0.49125
9.0369     -9.6664      9.6886      9.9651      8.4439       6.802=0.47,0.53
3.6557     -7.4554      7.6245      8.5077     -5.6661       5.962=0.48875,0.51125
1.3233     -6.9764      7.9599      7.9993     -3.6186      1.2736=0.50625,0.49375
1.4081     -9.0934      1.0586      4.5064    -0.29822      7.3836=0.4725,0.5275
-3.9231     -2.6835     -2.7909     -5.9872     -7.3783     -1.3673=0.4875,0.5125
1.3709     -9.3769      3.8411      2.0631      2.9219      8.2017=0.4875,0.5125
6.4441     -8.7301      6.2995      7.7264     -1.2616      8.2166=0.48125,0.51875
4.3558     -8.5961      6.3964      8.0743    0.017602      8.5153=0.47125,0.52875
3.9305     -8.1151      6.7603      8.2688     0.71859      8.6652=0.50375,0.49625
5.7938     -6.5036      9.5294        9.24      8.6517      3.0755=0.4925,0.5075
2.7075     -4.6569      9.5702      9.5079       6.022      4.1938=0.46,0.54
1.0562     -5.0881      9.6504      9.5996      6.5514      3.9149=0.47625,0.52375
1.6974     -1.3547      8.7958      9.7467      5.7625      2.5664=0.485,0.515
7.0444     -2.7373      6.8881      9.1566     -3.9414     0.40276=0.495,0.505
4.8931     -1.6797      6.4761      9.9912     -9.7051     -3.4394=0.46875,0.53125
4.8023     -1.7212      6.3107      9.9929     -9.7627     -3.6025=0.495,0.505
5.7623     -8.2498      4.7851      9.9217     -9.9543     -1.8573=0.48625,0.51375
5.9401     -7.7634      5.0035      9.9488      -8.522     -4.5263=0.4875,0.5125
7.9975     -8.0544      4.1915       9.963     -9.9784    -0.24625=0.505,0.495
6.3769     -3.2189      7.6616      9.9831     -9.3255    0.067634=0.48125,0.51875
5.4249     -4.4339      8.6283      7.4528     -9.4238    -0.76751=0.50625,0.49375
1.8104     -6.6034      8.7426      2.6266     -9.6392     -4.5082=0.4975,0.5025
1.8539     -6.5749      8.8204        2.44     -9.6615     -4.3686=0.47375,0.52625
1.8115     -8.9789      8.7006      4.3798     -7.5716     -3.6583=0.4825,0.5175
3.4741     -4.5299      4.7521      4.3351     -6.3573     -2.0278=0.48375,0.51625
4.3687     -6.2843      7.0222      2.0282     -9.8592     -4.2375=0.44631,0.55369
3.4453     -9.7023      8.7092     -1.8743     -9.1685     -2.8077=0.49125,0.50875
2.8867     -9.0657      9.8931      4.0149     -8.4974     -1.6836=0.49125,0.50875
5.2467     -9.9775      6.6964       1.989      -9.145      0.2979=0.47875,0.52125
4.3063     -9.9976      8.8589      3.5195     -8.3332     0.72404=0.50363,0.49637
4.2277     -9.9977       8.726      3.6573     -8.3137     0.79707=0.495,0.505
2.1361     -9.9997      7.3693       1.473     -9.7668      1.3586=0.505,0.495
2.5259     -9.9998      7.5955      2.7231     -9.1366   -0.068939=0.47321,0.52679
4.2895     -8.1623      6.4671      0.8588     -7.2752     -1.3616=0.6169,0.3831
3.5899         -10      7.2683     0.24251     -9.8755      1.2544=0.3756,0.6244
4.1453     -9.0305      5.9534      3.2593     -8.6342      1.5732=0.48875,0.51125
3.392         -10       7.301   -0.053286     -9.8994     0.96089=0.98,0.02
2.8366     -9.8117      7.6479    -0.61139     -9.9267      1.5851=0.43387,0.56613
4.117     -9.4782      8.7323   -0.047676     -9.9422      1.6729=0.4481,0.5519
3.2234     -9.8612      8.3991     0.98153     -9.9846     0.88905=0.545,0.455
4.894       -7.85      8.6747     0.76318     -8.1004      2.4935=0.4075,0.5925
6.0438     -6.9098      7.9209     0.28654     -6.9381      4.1681=0.45375,0.54625
3.6003     -8.3445      9.8614      1.1806     -8.0598      4.2194=0.47125,0.52875
1.6344     -8.4307      9.6423      1.0292     -6.7895      4.7331=0.49375,0.50625
2.9127     -8.1597      9.1526      2.7187     -6.2984      5.2507=0.4725,0.5275
2.7132     -9.0786       9.808      1.1148     -6.0266      4.3426=0.46625,0.53375
2.1714     -9.0314      9.8841      1.1339     -5.8033      3.8266=0.495,0.505
2.7589     -9.1297      9.8187      1.1121     -5.9715      4.3589=0.4825,0.5175
4.4772     -9.2748      9.2292      1.1676     -6.2791      4.4704=0.415,0.585
4.8377     -8.9896      9.5495      1.4013      -6.637      4.2812=0.42083,0.57917
4.394      -9.277      9.4224     0.97454     -6.2932      4.5152=0.365,0.635
4.9571     -9.2226      8.7234     0.76684     -6.7529      3.2781=0.36738,0.63262
5.2698     -9.8434      8.2579     0.31975     -6.4165      2.9143=0.44375,0.55625
4.6258     -9.6922      9.6681     0.12662     -6.8305      4.0095=0.39625,0.60375
5.0718     -9.2788      8.5984     0.59696     -7.7499      4.2226=0.39399,0.60601
4.0442     -9.2201      8.9431       1.217     -6.2706      2.6648=0.45274,0.54726
5.5563      -9.319      8.6518    0.023414     -6.3813      2.5906=0.4178,0.5822
5.3731     -9.0715      8.9346    -0.48636     -6.4636      1.6246=0.41619,0.58381
5.9421     -8.2992       8.989    -0.51967     -6.8642      1.2786=0.4131,0.5869
6.2321     -8.8447      8.9745     -1.3323     -6.7045      1.5091=0.39375,0.60625
6.681     -8.2322       8.446     -1.3654     -6.3925      1.7708=0.38232,0.61768
6.8507     -7.8512       8.862     -1.6743     -7.0749       1.528=0.40857,0.59143
6.6301     -8.5392      8.3682    -0.61054     -6.0553      1.5275=0.39625,0.60375
6.9117     -7.7468        8.17    -0.96515     -6.0772      2.1212=0.4319,0.5681
6.2136     -7.7264      8.2874     -1.0417     -6.6257      1.7745=0.39167,0.60833
6.2598     -8.2171      8.8017    -0.96386     -6.0145      1.9314=0.40095,0.59905
6.4397     -8.1569      9.1395    -0.34895     -6.2335      1.9186=0.44375,0.55625
5.7907     -8.2858      8.6488     -1.2906     -6.1777      1.5966=0.3875,0.6125
5.797     -7.9912      8.5057     -1.8339     -6.4093      1.5942=0.46292,0.53708
