-7.2121      6.6713     -3.8746      2.3974      2.2025     -6.3836=0.4725,0.5275
-3.2617      1.2673       2.364      6.5285       -6.53      7.6169=0.47,0.53
9.6635      8.1976    -0.85825      9.6457      6.6546     -2.0933=0.4625,0.5375
8.3785     0.31456     -6.3991      9.6198     -4.2254      7.5428=0.50375,0.49625
5.1743      4.1091      6.7203     -2.5989      -9.443     -3.8574=0.4925,0.5075
-3.4566      7.0712     -5.2482     -3.8141      8.5508      4.8166=0.495,0.505
-7.7702      5.4518      -0.358      5.1866      3.6309      4.5847=0.48,0.52
2.5232     -5.7664    0.075732     -6.1218     -7.2534     0.36392=0.47625,0.52375
-5.4124     -6.5125     -2.4016     -5.0994     -3.8729      8.3992=0.485,0.515
-8.5559      9.6175      4.9649     0.24155       -2.46     -4.3291=0.48125,0.51875
-0.474841           10     -1.78916       3.2105     -9.14459          -10=0.49875,0.50125
2.33408           10          -10      4.75217          -10          -10=0.47125,0.52875
4.73184          -10      2.04773           10           10      6.71715=0.48125,0.51875
10           10     -2.92343     -7.24503      2.91864           10=0.48875,0.51125
-4.7027     -3.47908     0.300231      3.61156          -10           10=0.475,0.525
8.47694           10     -3.45445      1.76993           10     -6.28334=0.47375,0.52625
0.247861      8.86987          -10           10      2.44601           10=0.48125,0.51875
-2.04065      6.16227     -1.03885          -10     -5.52854          -10=0.47,0.53
-2.95244          -10      6.12086     -5.49042          -10           10=0.4775,0.5225
-10      3.84524           10          -10          -10           10=0.49125,0.50875
10      4.31235     -1.32586      7.73945     0.313907       5.3752=0.4625,0.5375
-3.83921     -6.46504     -1.17633      5.21544     -6.05064           10=0.4975,0.5025
0.495444           10    -0.821689      9.23166      5.23968      3.92417=0.46,0.54
-4.46564      5.48262      0.92277          -10      6.69278          -10=0.4675,0.5325
-10     0.182518     -7.03745     -9.36741     -9.33016          -10=0.495,0.505
10       7.4262      2.34905           10      5.93765          -10=0.4575,0.5425
-0.351446      7.42803    -0.762216      1.44537     -8.47994          -10=0.46625,0.53375
-7.06094           10      -2.2649          -10      -3.6312          -10=0.48625,0.51375
-0.415928      4.41786           10      7.70933     -7.62862       8.6642=0.52,0.48
-4.63793     0.233791      -4.9085           10      3.08183       0.3478=0.47625,0.52375
10     -1.94406    -0.816224           10           10           10=0.485,0.515
-5.63553          -10      9.67734      8.13643      4.64336      8.00459=0.52375,0.47625
-4.16459           10     -3.97805      8.38649   0.00333112     0.851892=0.50125,0.49875
-10     0.513512      5.15359          -10           10          -10=0.4675,0.5325
2.44817      5.35215     0.841198          -10     -2.72212           10=0.495,0.505
10      4.59503      8.73289           10      1.46907          -10=0.48375,0.51625
-1.01068      5.84201      9.39935     -7.96473          -10          -10=0.4475,0.5525
-1.05809      1.23623      1.99762      6.82249     -1.76536          -10=0.48625,0.51375
9.1663           10    -0.298558           10    -0.786755      5.16887=0.50125,0.49875
4.58937     -3.33897          -10      2.69306      7.40904          -10=0.50875,0.49125
10     0.747681     -1.18769      7.19693    -0.326617      7.26551=0.4775,0.5225
0.145947           10           10      7.68214          -10          -10=0.48,0.52
-7.56415           10     -3.83418      7.89803       7.2108      4.87904=0.49125,0.50875
-2.06703     0.869498     0.340457     -1.65879      5.50127          -10=0.5,0.5
-1.64904     0.536161      8.55345           10      -7.9302           10=0.47375,0.52625
10      6.30387      5.01541           10    -0.230395          -10=0.48875,0.51125
-1.73585      4.09739           10          -10          -10          -10=0.475,0.525
5.99905      3.00332     0.197616           10       3.3319      2.62587=0.4875,0.5125
9.37613          -10     -6.39052          -10   -0.0495273      3.44355=0.4675,0.5325
10       2.0801      6.23858           10      6.72327      4.57777=0.47625,0.52375
10       5.1263      -1.7151      4.74572          -10      3.15604=0.4725,0.5275
10      2.43497      3.53492      6.62891       2.6207           10=0.49375,0.50625
-7.20002      9.54547      7.58816          -10     -6.01175     -4.65463=0.465,0.535
3.25146      7.94431     -4.26373     -6.87877      3.38425          -10=0.465,0.535
-6.79562      -2.3306           10          -10     0.885729     -7.88362=0.47,0.53
10           10     -2.83391           10      9.05307          -10=0.48375,0.51625
-2.12593      4.91824      8.49994     -8.59691          -10          -10=0.46875,0.53125
9.1357      8.7995     -1.2664     -2.1747     0.71773      3.3375=0.49375,0.50625
9.93062     -2.56399          -10      7.20335      0.77551       3.3733=0.4975,0.5025
-10           10           10      9.08119      2.58262           10=0.47625,0.52375
10           10     -1.44036           10      3.72292          -10=0.48875,0.51125
-6.2873     -3.25192       -3.367     -1.44458      5.23244          -10=0.48,0.52
1.6615      7.45205           10    -0.090108          -10          -10=0.3575,0.6425
5.31077           10       -6.176     -8.90075       1.6181      3.36007=0.47625,0.52375
-6.45321     -2.49797       9.4577     -9.40881      5.82741          -10=0.48125,0.51875
-2.5698      4.85679      3.36905      5.17554    -0.446989          -10=0.5,0.5
-1.51847      7.31665      8.56217     -6.69198          -10          -10=0.48125,0.51875
0.524968      8.03339     -2.86686          -10     -6.00023     0.153051=0.485,0.515
0.34831     -1.2156    -0.54604     -1.8884    -0.56786     -9.6741=0.465,0.535
10       3.4499        4.702      8.39135      1.68509          -10=0.46375,0.53625
10      1.48222    -0.993819      8.21622           10           10=0.4825,0.5175
-10    0.0612436    -0.730117     -8.59888      2.08509      4.32809=0.49625,0.50375
10      5.14929           10           10          -10          -10=0.46125,0.53875
2.88472      9.53729     -6.77237     -8.56734      4.56818          -10=0.4625,0.5375
1.4335     -1.1652     -1.6436     -1.2918    -0.22819     -9.2125=0.46875,0.53125
9.39878       3.4659      7.91451           10      -3.5687          -10=0.48125,0.51875
-0.264747      6.94774           10     -5.51669          -10          -10=0.48,0.52
-10       4.6086      8.19049     -7.65578          -10          -10=0.49625,0.50375
-9.31678      8.01512      9.86569         5.76     0.264139          -10=0.47625,0.52375
10     -3.75522     -1.12581      7.63254     0.697794          -10=0.4975,0.5025
6.12386     -4.07513     0.922407     -4.52994          -10      -1.3803=0.48,0.52
10           10           10      5.06979          -10      5.32708=0.47125,0.52875
-3.71139      5.39296           10     -2.16698          -10          -10=0.47,0.53
-0.190211      6.08327     -5.28748     -5.40791    -0.850962          -10=0.46625,0.53375
10      5.21759     -2.20435      9.33063          -10     -9.27182=0.4825,0.5175
10      6.66067      1.62922           10      4.15632          -10=0.49625,0.50375
3.56828      6.31603      9.62745     -1.92117          -10          -10=0.47,0.53
5.56518       1.1101      9.43284      2.70491      3.82749          -10=0.4925,0.5075
-10      7.67796           10     0.913069     -5.51014     -9.90045=0.49625,0.50375
2.14555     -4.77734     -9.23477          -10      3.52582          -10=0.50375,0.49625
-1.96847      7.41784      4.84145          -10     -6.74428          -10=0.46875,0.53125
-5.97476     -6.18854     0.166045           10     -6.56842      4.64315=0.46,0.54
-10      8.60158           10          -10          -10          -10=0.48375,0.51625
1.49207      5.65409       8.2633     0.776436     -2.97535          -10=0.47375,0.52625
5.4523      5.4249     0.21194      7.2565     -3.9636      -9.874=0.47125,0.52875
6.03416           10      3.26617     -1.62376      3.25597          -10=0.475,0.525
0.642478      5.22045      9.08957          -10          -10          -10=0.48,0.52
10     0.145413      3.97352     -8.55077     -2.37158          -10=0.505,0.495
4.50928     -4.21587      6.60269     -6.36674          -10      -9.5806=0.49,0.51
4.68513      7.19933      3.03859      7.24474          -10          -10=0.49375,0.50625
-5.40578           10      8.99699           10      3.53918      7.80563=0.4925,0.5075
-10     -7.42651     0.588248     -1.75972     -4.81648     0.253113=0.485,0.515
10      9.70969           10      5.17167          -10          -10=0.45375,0.54625
4.49715      7.69678           10      6.07946     -7.84362          -10=0.47625,0.52375
-3.84358      5.06959           10          -10      5.10641     -9.69465=0.47875,0.52125
3.43747      6.54327      8.03456     -5.40937     -2.87452          -10=0.5025,0.4975
-6.02988      4.60894      8.60281     -5.23977          -10          -10=0.495,0.505
0.429287           10    -0.133673          -10          -10          -10=0.4775,0.5225
10   -0.0141289    -0.744319          -10      3.70116     -9.68982=0.4825,0.5175
6.51491           10           10           10      5.27087          -10=0.4825,0.5175
10      4.34427           10      2.26358     -2.42454      1.74705=0.49375,0.50625
-3.4849     -2.1638      4.8858     -1.2861     -9.4429      -7.312=0.485,0.515
-5.67154      8.15505           10           10          -10          -10=0.49625,0.50375
5.28139           10     -1.82972    -0.133603     -2.18216          -10=0.5875,0.4125
-3.3869     -2.5728      1.8509      2.6083      1.7064     -9.3825=0.48875,0.51125
0.213575      3.12817           10     -2.13691          -10          -10=0.465,0.535
-7.69929      8.85438      9.33462      4.78291          -10          -10=0.485,0.515
-10       5.2506      -3.7383      3.30812     -3.69293          -10=0.4675,0.5325
-2.59466           10     -1.42952      3.45451      5.48087     -9.87955=0.455,0.545
10     -0.75829      7.44964     -2.39957           10          -10=0.46875,0.53125
1.3978      5.36017      5.34668      3.16594          -10     -6.07533=0.4675,0.5325
-0.35227      2.9416       5.011      4.0973     -9.6271       -8.59=0.47875,0.52125
-6.36095      5.78646           10     -3.14769          -10          -10=0.49,0.51
2.60132      8.28621      -5.6338     -7.46163      4.40654          -10=0.49875,0.50125
1.6057     -0.1992     -5.9084      1.9657     -9.3301     -9.4995=0.47375,0.52625
3.84639      7.49064     0.877106           10      4.78558          -10=0.475,0.525
-4.87802      9.18865           10          -10          -10          -10=0.48375,0.51625
-3.81284      3.13248           10      7.10802     -1.21817          -10=0.4875,0.5125
-9.34299      9.38602           10      5.73012     -8.18081          -10=0.495,0.505
0.26839     -3.53464      7.03645      7.92034          -10          -10=0.46125,0.53875
10      5.90736     -3.23686      4.49784      -4.7869     -4.24534=0.45125,0.54875
-3.3532     -3.5984      1.2616      6.6423     -6.7976      7.5778=0.48125,0.51875
3.45395      6.69202           10     0.299767          -10          -10=0.47125,0.52875
1.90511      9.32166      1.29329     -1.77566     -9.58677          -10=0.49,0.51
2.95488           10           10     -4.20682     -7.90389      -9.4962=0.47625,0.52375
9.84542      8.55332      1.32473     -4.82924      9.26196          -10=0.51,0.49
3.40888      7.64826      9.33703     -2.50277          -10          -10=0.49875,0.50125
-7.04704           10      -8.7747     -2.95937     -3.60671          -10=0.45375,0.54625
3.5131      7.6616     -4.0301       3.438      3.9877     -9.9171=0.505,0.495
-2.22992    0.0735156      8.48776      6.10551          -10          -10=0.46875,0.53125
0.75775      7.9843      4.6179      4.0027     -8.5619     -4.3605=0.48375,0.51625
0.23002      1.1102      4.4965      6.0341     -8.4663     0.19594=0.47125,0.52875
4.25227      7.28146           10    -0.103221          -10          -10=0.63375,0.36625
2.47738      8.30468           10     -6.01292      8.77811          -10=0.46875,0.53125
1.1218      2.0289     -6.4006     -1.1467     0.28537     -9.8555=0.46625,0.53375
0.0684867      6.68518      9.47957     -1.18272    -0.289952          -10=0.455,0.545
-1.50091      4.89754           10     -8.32321          -10          -10=0.47,0.53
-2.25093       7.2232     -1.81159    -0.264787          -10          -10=0.4925,0.5075
-1.7751      9.6414     -1.2266     0.42223      1.1016     -9.9782=0.48875,0.51125
4.55289      9.52869      9.31766      8.26373          -10          -10=0.475,0.525
10      6.36874      9.43674       3.0004     -7.58443     -9.57734=0.51,0.49
-4.72521       1.0757           10      4.21771     -7.77651     -6.40278=0.4775,0.5225
0.146006      7.64297           10    -0.130978          -10          -10=0.4875,0.5125
1.54189      7.25112     -9.95829      -2.3918      2.53722          -10=0.47625,0.52375
1.29285      9.24744     -5.59793    -0.651888     -7.13066          -10=0.4325,0.5675
0.495746       6.6916           10    -0.465369     -8.82155          -10=0.68875,0.31125
-0.925128      7.35933      9.63403     -7.20873          -10          -10=0.49625,0.50375
-1.42614      7.87272     -3.88283     -3.33218     -1.56492          -10=0.51625,0.48375
-1.9556       8.137      1.2742      3.2572    -0.77282     -9.9523=0.5025,0.4975
-1.78326      -7.6379      9.72945       4.8853          -10          -10=0.485,0.515
-0.16482      6.7167     -3.9123       2.379     -4.7554     -4.9187=0.47625,0.52375
-5.26042     0.840577      6.69313      3.52882          -10      2.21278=0.48625,0.51375
1.18213      7.55575           10   -0.0510744          -10          -10=0.24125,0.75875
2.96712       9.7505     -5.74437     -1.39814          -10          -10=0.48375,0.51625
1.53373      8.07638     -2.95289    -0.262019     -9.85004          -10=0.3,0.7
1.32428       7.3181      9.61956    -0.240214     -2.29333          -10=0.3275,0.6725
1.11858      5.84398      9.80379     -1.25326          -10          -10=0.4825,0.5175
1.93388      8.89897       2.3633     -3.11211     -8.50535          -10=0.48125,0.51875
2.2709      7.3616      4.3497      3.0447     -3.7772     -9.9127=0.48125,0.51875
0.786464     -2.89467      8.88458     0.631137          -10          -10=0.475,0.525
10      5.56679     -4.11979      3.92228      -4.5256     -2.64984=0.48875,0.51125
-6.77181          -10     -7.80063           10     -6.33453      5.34293=0.485,0.515
1.28574      7.54703           10   -0.0430841          -10          -10=0.2675,0.7325
-1.42616      9.94256     -1.89996    -0.347167           10     -9.96579=0.4975,0.5025
1.55782      7.95927     -2.68838    -0.223032          -10          -10=0.33125,0.66875
1.40713      7.38075      9.58152    -0.217699     -1.64051          -10=0.3275,0.6725
-1.73998      5.69009      9.17364     -7.40283          -10          -10=0.47125,0.52875
-9.50935      8.12447      4.01685     -3.79001     -9.24116          -10=0.47125,0.52875
-3.07471           10     -2.91492      3.43109           10     -9.84777=0.48875,0.51125
-8.80004     -7.19484      1.72807           10     -9.01558     -3.04264=0.47625,0.52375
1.58808      7.89039      1.47457    -0.358064          -10          -10=0.40875,0.59125
3.8265    -0.59543      -8.054      9.8642     -9.8123    -0.43263=0.46125,0.53875
1.08714      7.56243           10   -0.0554925          -10          -10=0.22625,0.77375
2.3893      5.8704      -2.242     -4.9025     -9.0953     -9.9906=0.48375,0.51625
1.51232      8.16636     -3.04821    -0.262505     -9.81677          -10=0.33625,0.66375
1.51116      7.71557      4.15644    -0.234593     -2.24786          -10=0.34625,0.65375
0.290464      7.80574      7.37725     -2.01584     -9.94979          -10=0.95,0.05
-0.0504613      6.56545     -3.63604     -5.22565     -2.13882          -10=0.48625,0.51375
0.060397       9.949      1.6403      2.8481      7.1213     -9.8901=0.48125,0.51875
6.49206     -0.24392           10      3.64653          -10      -8.4179=0.47125,0.52875
0.703888      8.36464     -3.81291    -0.693972     -9.78726          -10=0.26625,0.73375
-9.81784      -2.7697      9.70662           10     -6.08656      2.70507=0.47625,0.52375
1.06728      7.56397           10   -0.0567333          -10          -10=0.23,0.77
2.2409      7.5132      5.6764     -9.5991      1.4611     -9.9979=0.48875,0.51125
1.52676      8.13403     -2.83883    -0.265379     -9.84883          -10=0.32625,0.67375
1.16499      7.28814           10    -0.250797     -2.39088          -10=0.295,0.705
-0.742141      5.59463      7.78909          -10          -10          -10=0.4875,0.5125
-9.78632      8.09591          -10     -4.05139     -3.69748          -10=0.48,0.52
-3.51273           10     -1.91739      3.16391      5.29355     -9.86936=0.48,0.52
0.827187      6.92089      2.84974      7.83318          -10          -10=0.4775,0.5225
1.0744      8.27339      9.70849    -0.252101     -9.97534          -10=0.26625,0.73375
-8.4668      8.4457     0.32156      5.5112     -6.8515     -9.0405=0.48625,0.51375
1.09237      7.56205           10   -0.0555985          -10          -10=0.23125,0.76875
1.92597      8.39471      4.61661     -1.35836     0.300421          -10=0.64,0.36
1.4945      7.55351      2.94544    -0.256155    0.0406441          -10=0.3675,0.6325
1.13038      7.24539           10    -0.252418     -2.40519          -10=0.27,0.73
0.465865      8.31175     -2.48766     -8.75392     -9.93542          -10=0.46375,0.53625
-4.75969           10      7.95105      -5.7415      -6.2957          -10=0.4925,0.5075
-1.5271      6.6585      4.7725     -1.0402     -6.7394     -9.8876=0.47875,0.52125
-0.0355423     -6.75062           10      7.76881          -10          -10=0.48125,0.51875
0.860022      8.38799          -10    -0.939595     -9.54255          -10=0.35125,0.64875
-1.7079     -7.0036      1.6491      7.8214     -9.0799     -5.8338=0.495,0.505
1.08568      7.56225           10   -0.0552868          -10          -10=0.22,0.78
1.08479      8.46038     -9.47555     -3.03658      1.90388          -10=0.48625,0.51375
1.02424      8.59406          -10    -0.363651          -10          -10=0.285,0.715
1.11835      7.58607           10    -0.206333          -10          -10=0.2825,0.7175
-0.696235      6.94865      8.89155     -0.78168     -7.63489          -10=0.49,0.51
1.14947      9.55968           10      1.91087      -5.7446          -10=0.49625,0.50375
0.797997       8.1644           10      2.02289     0.926059     -9.92049=0.48875,0.51125
0.976981           10     -7.42731    -0.441853     -9.87566          -10=0.285,0.715
0.580928      8.34727     -3.89369    -0.744025          -10          -10=0.2325,0.7675
-1.78351     -3.62091          -10    -0.993813     -5.88958     -3.89636=0.47875,0.52125
1.08501      7.56227           10   -0.0552556          -10          -10=0.22375,0.77625
-9.25692      9.08051      -8.6885          -10     -2.12801          -10=0.49,0.51
0.977212      8.69812          -10    -0.374401          -10          -10=0.27875,0.72125
1.13955      7.15552           10    -0.216638           10          -10=0.275,0.725
-1.22059      4.90137           10     -6.51557          -10          -10=0.4875,0.5125
1.67953       7.5632     -5.17778     -5.08274      -5.6839          -10=0.4775,0.5225
-4.4907      9.2797       3.825     -1.7143      6.8275     -9.9028=0.4875,0.5125
1.07823           10     -9.17004     -1.26292     -9.86322          -10=0.47125,0.52875
1.27055      7.81655      1.04546    -0.355027          -10          -10=0.29125,0.70875
-4.94692     -3.73221    0.0732421           10     -6.93174      1.59373=0.48125,0.51875
1.08548      7.56224           10   -0.0552793          -10          -10=0.22,0.78
1.88669      8.96601     -5.96713     -4.50512      6.59939          -10=0.45125,0.54875
0.972509      8.70852          -10    -0.375476          -10          -10=0.2925,0.7075
0.847931      8.79985      3.40289    -0.354024          -10          -10=0.245,0.755
-0.686123      8.10473       6.6754     -3.75491          -10          -10=0.4775,0.5225
-9.11643      7.37116      8.70915     -2.97157     -4.02436          -10=0.45875,0.54125
-2.66836      7.79002    -0.025765       2.1242     -9.23489          -10=0.5025,0.4975
1.01547      9.60831     -4.11061      0.39041          -10          -10=0.28625,0.71375
0.272181      7.89286      9.71236    -0.636353          -10          -10=0.9625,0.0375
-4.6147     -0.7345      2.1148    0.021424     -8.7171      4.5025=0.48375,0.51625
1.08571      7.56225           10   -0.0552988          -10          -10=0.245,0.755
1.74721      8.88798      4.13971   -0.0970821          -10          -10=0.35625,0.64375
1.13242      7.40566     -8.22554    -0.197617          -10          -10=0.285,0.715
1.10699      7.81428      7.22048    -0.238916          -10          -10=0.31625,0.68375
0.249607      7.52887           10     -4.71087          -10          -10=0.48375,0.51625
-6.07597           10      -1.5809      -2.4792     -7.86814          -10=0.46125,0.53875
-2.41091           10     -5.83165     -1.09853      5.61259      -9.8925=0.4775,0.5225
1.04203      9.66837      8.30072    -0.613274     -9.85372          -10=0.32625,0.67375
0.639942      8.65404          -10    -0.900287          -10          -10=0.2625,0.7375
2.03343      4.28159      9.87239      5.93336     -7.13448          -10=0.46625,0.53375
1.08568      7.56225           10   -0.0552757          -10          -10=0.23625,0.76375
1.26176      7.58384      6.85311     0.384505          -10          -10=0.38125,0.61875
0.933819      9.03252           10    -0.405931          -10          -10=0.27625,0.72375
0.97144      8.11191      6.07366     -0.20649          -10          -10=0.25125,0.74875
1.17863       6.2638      9.28912     -7.94119          -10          -10=0.4425,0.5575
-3.57331      9.56888          -10     -1.21147     -9.36146          -10=0.4775,0.5225
-1.7318      8.3496     0.53971      5.3972     -5.7052     -9.9297=0.475,0.525
0.847247       9.5693      7.07927    -0.576528          -10          -10=0.295,0.705
0.821658      7.81663           10     0.274332          -10          -10=0.2325,0.7675
0.80381     0.34085      7.9147      7.5163      -6.315      7.2751=0.49125,0.50875
1.08568      7.56225           10   -0.0552929          -10          -10=0.24625,0.75375
1.13488      8.82874      4.52776    -0.182741          -10          -10=0.28125,0.71875
0.999579      8.17512           10    -0.390858          -10          -10=0.31625,0.68375
1.03482       7.7507      4.13508    -0.208636          -10          -10=0.27625,0.72375
1.18786      6.25403      9.62925      1.77011          -10          -10=0.475,0.525
-3.28199      8.68105      7.35175   -0.0187971     -7.89075          -10=0.495,0.505
-0.045613      8.2681      3.4401       1.427      1.8969     -9.9555=0.46125,0.53875
1.2576      9.31249      8.17287    -0.115271     -9.84224          -10=0.275,0.725
1.08245      7.67596          -10    -0.139832          -10          -10=0.26375,0.73625
-8.0166      3.94676      2.38887      7.13214     -7.84472          -10=0.48,0.52
1.08568      7.56225           10    -0.055293          -10          -10=0.2725,0.7275
1.09474      8.88822           10     -0.11008          -10          -10=0.25375,0.74625
1.04249      8.25799           10    -0.213631          -10          -10=0.2225,0.7775
1.086      7.67873      5.62371    -0.122215          -10          -10=0.24875,0.75125
1.0409      6.50776           10          -10          -10          -10=0.475,0.525
-2.86569      9.44694           10    -0.507954     -9.87009          -10=0.48125,0.51875
-1.165      8.5311      2.0139      1.7975     -1.6983     -9.8989=0.49125,0.50875
1.2236       9.0152      8.59291   -0.0323945     -9.93061          -10=0.23,0.77
1.01876      8.04923           10    -0.670258          -10          -10=0.37125,0.62875
-4.18976     -6.01578           10      1.34553     -7.78658     -6.57231=0.46875,0.53125
1.08568      7.56225           10    -0.055288          -10          -10=0.24125,0.75875
1.09034      7.64366           10   -0.0438719          -10          -10=0.22125,0.77875
1.05254      8.08786           10   -0.0245514          -10          -10=0.2425,0.7575
0.960392       8.9627      5.10535    -0.140908          -10          -10=0.2275,0.7725
1.11887      7.48417      9.41069    -0.319476          -10          -10=0.255,0.745
0.685046      7.32361          -10     -2.00024     -9.16832          -10=0.44625,0.55375
1.03425      9.79475      6.13186      3.20527          -10     -9.97803=0.48875,0.51125
1.18207      8.45838           10   -0.0286026     -9.95416          -10=0.265,0.735
0.768431      7.82851      -9.6025   -0.0961274          -10          -10=0.21,0.79
1.65769           10      4.00725           10      -7.2787    -0.878627=0.49625,0.50375
1.08568      7.56225           10   -0.0552858          -10          -10=0.2625,0.7375
1.08476      7.49543           10   -0.0489727          -10          -10=0.24875,0.75125
1.07398      7.75731           10    -0.288199          -10          -10=0.28875,0.71125
1.07916      8.87081           10    -0.023162          -10          -10=0.2225,0.7775
1.10774      7.58247           10     0.955926          -10          -10=0.465,0.535
1.60286      7.41505     0.756991    -0.768666          -10          -10=0.45625,0.54375
-0.45922      8.2267      1.4108      3.1724      1.1481     -9.9095=0.4875,0.5125
1.04436      7.89519      9.14604   -0.0465624     -9.95964          -10=0.22625,0.77375
0.743398      7.80644          -10   -0.0387144          -10          -10=0.19625,0.80375
-3.38873          -10      8.84414     -4.90115     -7.80345     -2.81668=0.48375,0.51625
1.08568      7.56225           10   -0.0552874          -10          -10=0.23375,0.76625
1.09357      7.58806           10   -0.0406301          -10          -10=0.21875,0.78125
1.07809      8.41306           10    -0.211696          -10          -10=0.29875,0.70125
1.09103      8.86162           10   -0.0113874          -10          -10=0.23875,0.76125
1.1089      8.85759      9.69016    -0.647096          -10          -10=0.3875,0.6125
1.12582      7.83204      4.59316    -0.957974     -9.61001          -10=0.46625,0.53375
-4.31185       9.0739     -6.81827      3.59906           10     -9.85651=0.49375,0.50625
1.03059      7.83887      9.06064   -0.0483584     -9.96019          -10=0.23,0.77
0.740895      7.80423          -10   -0.0329731          -10          -10=0.18625,0.81375
-7.44453      4.39314          -10           10      7.13421      1.45835=0.47375,0.52625
1.08568      7.56225           10    -0.055286          -10          -10=0.225,0.775
0.833479       7.7956      3.74452   -0.0379206          -10          -10=0.2,0.8
0.99555       8.3147           10    -0.207851          -10          -10=0.2625,0.7375
1.077      8.86447           10   -0.0359944          -10          -10=0.2325,0.7675
1.12766      5.91407      9.16891    -0.288656          -10          -10=0.2825,0.7175
0.748179      6.72063          -10     -1.49475     -9.44976          -10=0.41375,0.58625
-4.1127      9.2146     -7.4219     -1.6462      -7.243     -9.8864=0.48875,0.51125
1.05209      7.92266      9.22527   -0.0467041      -9.9592          -10=0.2375,0.7625
0.740644      7.80401          -10    -0.032399          -10          -10=0.21625,0.78375
6.13714      1.03447      5.55622      7.15534          -10          -10=0.46,0.54
1.08568      7.56225           10   -0.0552864          -10          -10=0.2275,0.7725
0.80747      7.81635      3.11897   -0.0376497          -10          -10=0.2175,0.7825
1.06297      8.30193           10    -0.213539          -10          -10=0.24625,0.75375
0.946739      7.60735     -5.26585   -0.0205471          -10          -10=0.2,0.8
0.636626      6.66487      5.28592   -0.0787053          -10          -10=0.19,0.81
0.930363      6.73114    -0.276468     -1.30111     -9.64585          -10=0.46875,0.53125
-0.614056      9.18201     -0.25123       4.5144      3.77524          -10=0.4875,0.5125
1.04298      7.77874      7.74944   -0.0422547     -9.99408          -10=0.235,0.765
0.740856      7.80426          -10   -0.0330633          -10          -10=0.19375,0.80625
5.256     -1.5507     0.96555      2.0443     -5.2881     -4.4527=0.46875,0.53125
0.909312      7.87881      5.08841   -0.0332737          -10          -10=0.21625,0.78375
0.764869      6.63952      4.73908   -0.0654197          -10          -10=0.205,0.795
1.00486      8.23689      9.76941    -0.142695          -10          -10=0.25125,0.74875
0.878882      7.73559     -8.80113    -0.034323          -10          -10=0.2225,0.7775
0.735977      6.96176      2.28734   -0.0322718          -10          -10=0.1975,0.8025
0.787352      6.96982          -10      0.33915      -9.7015          -10=0.235,0.765
1.25529      8.68375     -6.42533     -2.75619          -10     -9.87916=0.5,0.5
0.694798      7.54212       5.6051   -0.0807422     -9.99052          -10=0.20875,0.79125
0.740903      7.80423          -10   -0.0329909          -10          -10=0.21,0.79
-10      3.78934          -10      8.52231     -9.54882          -10=0.4975,0.5025
0.93087       7.7243     -7.01245   -0.0165158          -10          -10=0.2425,0.7575
0.770344      7.16979     -4.55747   -0.0259366          -10          -10=0.215,0.785
0.913401      8.07108      3.04351    -0.102355          -10          -10=0.2225,0.7775
0.834009      7.70183     -5.62522   -0.0284601          -10          -10=0.21375,0.78625
0.699652      7.22261     -5.90632    -0.058153          -10          -10=0.21625,0.78375
0.763964       7.6091          -10     0.390649      -9.8495          -10=0.2275,0.7725
-1.3021      9.1899     -3.3526      3.8821    -0.98221     -9.9148=0.485,0.515
0.713507      7.53238          -10   -0.0740924          -10          -10=0.20875,0.79125
0.740889      7.80423          -10   -0.0329685          -10          -10=0.21125,0.78875
-6.801     -5.4103      3.7777      3.7832     -6.2588        5.19=0.49,0.51
0.905231      8.04034     -8.29688   -0.0417213          -10          -10=0.23,0.77
0.817665       7.5029        9.734   -0.0346847          -10          -10=0.20375,0.79625
0.705024      7.94786      -8.6377   -0.0540707          -10          -10=0.1725,0.8275
0.928783       7.6387     -5.11077   -0.0228806          -10          -10=0.22125,0.77875
0.67873      7.36261       2.3068   -0.0700367          -10          -10=0.185,0.815
1.02821       7.6724     -7.84908     0.124656     -9.88457          -10=0.25125,0.74875
-0.94057      8.6949      -6.592      3.4006      2.9098     -9.9678=0.47125,0.52875
0.725351       7.7566     -9.76491   -0.0197229     -9.98904          -10=0.1975,0.8025
0.664422      7.50418     -5.38834   -0.0375875          -10          -10=0.17875,0.82125
3.63563      1.76874          -10      2.13337     -6.42702     0.016394=0.4675,0.5325
0.908038      7.58841           10   -0.0357936      -9.9951          -10=0.23125,0.76875
0.813511      7.97633          -10   -0.0397707          -10          -10=0.19875,0.80125
0.684186      7.93553     -9.80582   -0.0492423          -10          -10=0.2025,0.7975
0.963941      7.55702     -5.24539   -0.0220431          -10          -10=0.245,0.755
0.711766      7.64605     -3.07125    -0.048042          -10          -10=0.1925,0.8075
0.559029      7.77383     -2.85464    0.0271763     -9.88943          -10=0.15375,0.84625
-0.38652      8.1249     -4.1386      2.3947     -8.7839     -9.9104=0.48625,0.51375
0.726535      7.77902      -9.7414    -0.014286     -9.98795          -10=0.19,0.81
0.656776      7.47417     -4.92717   -0.0380494          -10          -10=0.21,0.79
-7.80385       3.7145      4.05882      7.31437     -7.98512          -10=0.4525,0.5475
0.647422      7.88373     -6.37768   -0.0402626          -10          -10=0.2025,0.7975
0.813095      8.02368          -10   -0.0402793          -10          -10=0.20875,0.79125
0.711789      7.95648     -8.42577   -0.0590861          -10          -10=0.20625,0.79375
0.680558      7.48073     -5.42675   -0.0260212          -10          -10=0.18875,0.81125
0.651652      7.19232      4.78605   -0.0789234          -10          -10=0.1875,0.8125
0.512111      7.78397      -2.3552    0.0174283     -9.88992          -10=0.61125,0.38875
-1.955      8.3562    -0.69553      1.8276     -7.2634     -9.9038=0.4875,0.5125
0.726654      7.78126     -9.73905   -0.0137423     -9.98784          -10=0.18125,0.81875
0.565696      7.59018     -2.49469    0.0395188     -9.92097          -10=0.15875,0.84125
-2.70684       7.1299      -0.9608      4.18499       -9.089          -10=0.4675,0.5325
0.551123      7.82365     -5.04508    0.0483377     -9.96234          -10=0.1525,0.8475
0.743047      7.89347     -9.44853   -0.0533354          -10          -10=0.19875,0.80125
0.566197      7.83765     -5.85931   -0.0330059     -9.91724          -10=0.17375,0.82625
0.656415      7.65137      -7.9378   -0.0239329     -9.98512          -10=0.20375,0.79625
0.738729      7.72715      3.92971   -0.0676719          -10          -10=0.19625,0.80375
0.605869      7.77584     -3.48119    0.0283548     -9.88901          -10=0.1825,0.8175
-1.66977           10     -3.56417      1.89466      -6.0894     -9.96902=0.4825,0.5175
0.568935      7.77922    -0.200072      0.02479      -9.8828          -10=0.17875,0.82125
0.556588      7.60178     -2.25145    0.0472757     -9.91307          -10=0.15625,0.84375
0.419512      7.05969      3.63253       1.9219      -9.2668          -10=0.20875,0.79125
0.541493      7.81764     -4.91182    0.0571977     -9.95857          -10=0.63125,0.36875
1   4   4   0  10  -5=0.23,0.77
2   4   4   0  10  -5=0.32125,0.67875
1   5   4   0  10  -5=0.24,0.76
1   4   5   0  10  -5=0.26125,0.73875
1   4   4   1  10  -5=0.43125,0.56875
1   4   4   0  10  -4=0.22875,0.77125
3   4   4   0  10  -4=0.635,0.365
1   6   4   0  10  -4=0.23,0.77
1   4   6   0  10  -4=0.22125,0.77875
5   4   6   0  10  -4=0.47125,0.52875
1   8   6   0  10  -4=0.21,0.79
9   8   6   0  10  -4=0.97375,0.02625
1   8   6   8  10  -4=0.46,0.54
1   8   6   0  10   4=0.6225,0.3775
-7   8   6   0  10  -4=0.4825,0.5175
1   0   6   0  10  -4=0.49375,0.50625
1   8  -2   0  10  -4=0.22,0.78
1   8   6  -8  10  -4=0.4825,0.5175
1  8  6  0  2 -4=0.225,0.775
5   8   6   0  10  -4=0.63,0.37
1   8  10   0  10  -4=0.19875,0.80125
9   8  10   0  10  -4=0.9725,0.0275
1   8  10   8  10  -4=0.48375,0.51625
1   8  10   0  10   4=0.64125,0.35875
-7   8  10   0  10  -4=0.46625,0.53375
1   0  10   0  10  -4=0.49375,0.50625
1   8  10  -8  10  -4=0.46375,0.53625
1   8   2   0  10  -4=0.2175,0.7825
1   8  10   0   2  -4=0.2075,0.7925
5   8  10   0  10  -4=0.60875,0.39125
1   8  10   4  10  -4=0.48625,0.51375
1   8  10   0  10   0=0.60125,0.39875
-3   8  10   0  10  -4=0.48125,0.51875
1   4  10   0  10  -4=0.2,0.8
1   8  10  -4  10  -4=0.48375,0.51625
1   8  10   0  10  -8=0.23125,0.76875
1   8   6   0  10  -4=0.1875,0.8125
9   8   6   0  10  -4=0.97625,0.02375
1   8   6   8  10  -4=0.47375,0.52625
1   8   6   0  10   4=0.62875,0.37125
-7   8   6   0  10  -4=0.48625,0.51375
1   0   6   0  10  -4=0.47625,0.52375
1   8  -2   0  10  -4=0.2225,0.7775
1   8   6  -8  10  -4=0.5,0.5
1  8  6  0  2 -4=0.23,0.77
5   8   6   0  10  -4=0.62125,0.37875
1   8  10   0  10  -4=0.20125,0.79875
1   8   6   4  10  -4=0.51,0.49
1   8   6   0  10   0=0.61125,0.38875
-3   8   6   0  10  -4=0.49875,0.50125
1   4   6   0  10  -4=0.19625,0.80375
1   8   2   0  10  -4=0.235,0.765
1   8   6  -4  10  -4=0.49,0.51
1   8   6   0  10  -8=0.215,0.785
1  8  6  0  6 -4=0.22,0.78
3   8   6   0  10  -4=0.63625,0.36375
1  10   6   0  10  -4=0.20875,0.79125
1   8   8   0  10  -4=0.22125,0.77875
1   8   6   2  10  -4=0.46,0.54
1   8   6   0  10  -2=0.24375,0.75625
-1   8   6   0  10  -4=0.505,0.495
1   6   6   0  10  -4=0.21625,0.78375
1   8   4   0  10  -4=0.2375,0.7625
1   8   6  -2  10  -4=0.45625,0.54375
1   8   6   0  10  -6=0.23125,0.76875
1  8  6  0  8 -4=0.24125,0.75875
2   8   6   0  10  -4=0.2875,0.7125
1   9   6   0  10  -4=0.22375,0.77625
1   8   7   0  10  -4=0.19875,0.80125
1   8   6   1  10  -4=0.42875,0.57125
1   8   6   0  10  -3=0.23375,0.76625
0   8   6   0  10  -4=0.49125,0.50875
1   7   6   0  10  -4=0.21875,0.78125
1   8   5   0  10  -4=0.22875,0.77125
1   8   6  -1  10  -4=0.42,0.58
1   8   6   0  10  -5=0.21625,0.78375
1  8  6  0  9 -4=0.21375,0.78625
1.5            8            6            0           10           -4=0.27125,0.72875
1          8.5            6            0           10           -4=0.2225,0.7775
1            8          6.5            0           10           -4=0.2175,0.7825
1            8            6          0.5           10           -4=0.32625,0.67375
1            8            6            0           10         -3.5=0.225,0.775
0.5            8            6            0           10           -4=0.61875,0.38125
1          7.5            6            0           10           -4=0.22375,0.77625
1            8          5.5            0           10           -4=0.21125,0.78875
1            8            6         -0.5           10           -4=0.3525,0.6475
1            8            6            0           10         -4.5=0.225,0.775
1           8           6           0         9.5          -4=0.2125,0.7875
1.25            8            6            0           10           -4=0.20125,0.79875
1         8.25            6            0           10           -4=0.22625,0.77375
1            8         6.25            0           10           -4=0.215,0.785
1            8            6         0.25           10           -4=0.28625,0.71375
1            8            6            0           10        -3.75=0.22875,0.77125
0.75            8            6            0           10           -4=0.17625,0.82375
1.25            8            6            0           10           -4=0.24625,0.75375
0.75          8.5            6            0           10           -4=0.20875,0.79125
0.75            8          6.5            0           10           -4=0.185,0.815
0.75            8            6          0.5           10           -4=0.2575,0.7425
0.75            8            6            0           10         -3.5=0.1925,0.8075
0.25            8            6            0           10           -4=0.4675,0.5325
0.75          7.5            6            0           10           -4=0.18375,0.81625
0.75            8          5.5            0           10           -4=0.18875,0.81125
0.75            8            6         -0.5           10           -4=0.25875,0.74125
0.75            8            6            0           10         -4.5=0.20875,0.79125
0.75           8           6           0         9.5          -4=0.185,0.815
1   8   6   0  10  -4=0.2075,0.7925
0.75         8.25            6            0           10           -4=0.17625,0.82375
0.75            8         6.25            0           10           -4=0.185,0.815
0.75            8            6         0.25           10           -4=0.1975,0.8025
0.75            8            6            0           10        -3.75=0.1725,0.8275
1.25            8            6            0           10        -3.75=0.29,0.71
0.75          8.5            6            0           10        -3.75=0.18,0.82
0.75            8          6.5            0           10        -3.75=0.185,0.815
0.75            8            6          0.5           10        -3.75=0.27375,0.72625
0.75            8            6            0           10        -3.25=0.2225,0.7775
0.25            8            6            0           10        -3.75=0.46875,0.53125
0.75          7.5            6            0           10        -3.75=0.17875,0.82125
0.75            8          5.5            0           10        -3.75=0.1925,0.8075
0.75            8            6         -0.5           10        -3.75=0.25,0.75
0.75            8            6            0           10        -4.25=0.2175,0.7825
0.75           8           6           0         9.5       -3.75=0.19625,0.80375
1            8            6            0           10        -3.75=0.22,0.78
0.75         8.25            6            0           10        -3.75=0.21375,0.78625
0.75            8         6.25            0           10        -3.75=0.175,0.825
0.75            8            6         0.25           10        -3.75=0.22625,0.77375
0.75            8            6            0           10         -3.5=0.1875,0.8125
0.5            8            6            0           10        -3.75=0.60875,0.39125
0.75         7.75            6            0           10        -3.75=0.19375,0.80625
0.75            8         5.75            0           10        -3.75=0.1875,0.8125
0.75            8            6        -0.25           10        -3.75=0.215,0.785
0.75            8            6            0           10           -4=0.18875,0.81125
0.75           8           6           0        9.75       -3.75=0.18,0.82
0.875            8            6            0           10        -3.75=0.21625,0.78375
0.75        8.125            6            0           10        -3.75=0.185,0.815
0.75            8        6.125            0           10        -3.75=0.18125,0.81875
0.75            8            6        0.125           10        -3.75=0.22125,0.77875
0.75            8            6            0           10       -3.625=0.1925,0.8075
0.625            8            6            0           10        -3.75=0.1925,0.8075
0.75        7.875            6            0           10        -3.75=0.1975,0.8025
0.75            8        5.875            0           10        -3.75=0.21,0.79
0.75            8            6       -0.125           10        -3.75=0.19,0.81
0.75            8            6            0           10       -3.875=0.2,0.8
0.75           8           6           0       9.875       -3.75=0.215,0.785
0.8125            8            6            0           10        -3.75=0.19375,0.80625
0.75       8.0625            6            0           10        -3.75=0.20375,0.79625
0.75            8       6.0625            0           10        -3.75=0.20625,0.79375
0.75            8            6       0.0625           10        -3.75=0.2,0.8
0.75            8            6            0           10      -3.6875=0.19,0.81
0.6875            8            6            0           10        -3.75=0.1825,0.8175
0.75       7.9375            6            0           10        -3.75=0.18125,0.81875
