1           4           4           0        9.01          -5=0.23,0.77
1           4           4           0        9.01          -5=0.23125,0.76875
1           4           4           0        9.01          -5=0.24,0.76
1           4           4           0        9.01          -5=0.26125,0.73875
1           4           4  1.4901e-08        9.01          -5=0.21,0.79
1           4           4           0        9.01          -5=0.22875,0.77125
1           4           4           0        9.01          -5=0.2325,0.7675
-5.2656     -9.0622      -9.214       4.778      9.0192       9.925=0.51125,0.48875
-2.1328     -2.5311      -2.607       2.389      9.0146      2.4625=0.48,0.52
-0.56639     0.73445      0.6965      1.1945      9.0123     -1.2688=0.4825,0.5175
0.2168      2.3672      2.3483     0.59725      9.0112     -3.1344=0.4625,0.5375
0.85998      3.7233      3.1353      2.2416      9.0178     -4.9453=0.47625,0.52375
0.92999      3.8616      3.5676      1.1208      9.0139     -4.9726=0.40875,0.59125
0.965      3.9308      3.7838      0.5604       9.012     -4.9863=0.35125,0.64875
0.9825      3.9654      3.8919      0.2802       9.011     -4.9932=0.2775,0.7225
0.99125      3.9827       3.946      0.1401      9.0105     -4.9966=0.27,0.73
0.99562      3.9914       3.973    0.070051      9.0102     -4.9983=0.2375,0.7625
0.99781      3.9957      3.9865    0.035025      9.0101     -4.9991=0.2075,0.7925
0.99781      3.9957      3.9865    0.035025      9.0101     -4.9991=0.23125,0.76875
0.99781      3.9957      3.9865    0.035025      9.0101     -4.9991=0.22375,0.77625
0.99781      3.9957      3.9865    0.035025      9.0101     -4.9991=0.2075,0.7925
0.99781      3.9957      3.9865    0.035025      9.0101     -4.9991=0.23875,0.76125
0.99781      3.9957      3.9865    0.035025      9.0101     -4.9991=0.22125,0.77875
0.99781      3.9957      3.9865    0.035025      9.0101     -4.9991=0.2175,0.7825
-0.31888      1.2336     -9.9301    -0.94599     -2.6819      -1.648=0.46625,0.53375
0.99556      3.9909      3.9626    0.033344      8.9901     -4.9934=0.23375,0.76625
0.99668      3.9933      3.9746    0.034185      9.0001     -4.9963=0.2225,0.7775
0.99725      3.9945      3.9805    0.034605      9.0051     -4.9977=0.225,0.775
0.96522      3.9871      3.9759    0.021925      9.0092     -4.9959=0.2075,0.7925
0.98643      3.9938      3.9865    0.020042      9.0098     -4.9982=0.26125,0.73875
0.99212      3.9947      3.9865    0.027533      9.0099     -4.9987=0.23125,0.76875
0.99497      3.9952      3.9865    0.031279        9.01     -4.9989=0.21,0.79
0.99639      3.9954      3.9865    0.033152      9.0101      -4.999=0.2125,0.7875
0.9971      3.9956      3.9865    0.034089      9.0101     -4.9991=0.20625,0.79375
0.9971      3.9956      3.9865    0.034089      9.0101     -4.9991=0.24875,0.75125
0.9971      3.9956      3.9865    0.034089      9.0101     -4.9991=0.2375,0.7625
0.9971      3.9956      3.9865    0.034089      9.0101     -4.9991=0.18875,0.81125
0.9971      3.9956      3.9865    0.034089      9.0101     -4.9991=0.22875,0.77125
0.9971      3.9956      3.9865    0.034089      9.0101     -4.9991=0.21875,0.78125
0.9971      3.9956      3.9865    0.034089      9.0101     -4.9991=0.2325,0.7675
-0.2858        1.56      4.1045     -2.0422     -9.9049     -2.4435=0.48625,0.51375
0.99704      3.9954      3.9865    0.033998      9.0093      -4.999=0.225,0.775
0.99707      3.9955      3.9865    0.034043      9.0097      -4.999=0.22375,0.77625
0.99709      3.9955      3.9865    0.034066      9.0099     -4.9991=0.23,0.77
0.99608      3.9954      3.9866    0.033547      9.0101      -4.999=0.23375,0.76625
0.99659      3.9955      3.9865    0.033818      9.0101      -4.999=0.2425,0.7575
0.99685      3.9955      3.9865    0.033953      9.0101     -4.9991=0.20875,0.79125
0.99697      3.9955      3.9865    0.034021      9.0101     -4.9991=0.2425,0.7575
0.99704      3.9955      3.9865    0.034055      9.0101     -4.9991=0.23375,0.76625
0.99707      3.9956      3.9865    0.034072      9.0101     -4.9991=0.23375,0.76625
0.99708      3.9956      3.9865     0.03408      9.0101     -4.9991=0.20375,0.79625
0.99708      3.9956      3.9865     0.03408      9.0101     -4.9991=0.24875,0.75125
0.99708      3.9956      3.9865     0.03408      9.0101     -4.9991=0.24375,0.75625
0.99708      3.9956      3.9865     0.03408      9.0101     -4.9991=0.21625,0.78375
0.99708      3.9956      3.9865     0.03408      9.0101     -4.9991=0.23,0.77
0.99708      3.9956      3.9865     0.03408      9.0101     -4.9991=0.2125,0.7875
0.99708      3.9956      3.9865     0.03408      9.0101     -4.9991=0.21375,0.78625
-1.2533    -0.60707     0.73215     -1.5842     -9.9049      1.9475=0.48,0.52
0.99708      3.9956      3.9865    0.034079      9.0101     -4.9991=0.18625,0.81375
0.99708      3.9956      3.9865    0.034079      9.0101     -4.9991=0.25375,0.74625
0.99708      3.9956      3.9865    0.034079      9.0101     -4.9991=0.24,0.76
0.99708      3.9956      3.9865    0.034079      9.0101     -4.9991=0.22125,0.77875
0.99708      3.9956      3.9865    0.034079      9.0101     -4.9991=0.23875,0.76125
0.99708      3.9956      3.9865    0.034079      9.0101     -4.9991=0.21,0.79
0.99708      3.9956      3.9865    0.034079      9.0101     -4.9991=0.2325,0.7675
-0.29714      1.6045    -0.93966     -1.2794     -9.9049      5.3618=0.4875,0.5125
0.34997         2.8      1.5234    -0.62267    -0.44743     0.18138=0.465,0.535
0.67353      3.3978       2.755    -0.29429      4.2813     -2.4089=0.1925,0.8075
0.67353      3.3978       2.755    -0.29429      4.2813     -2.4089=0.1825,0.8175
0.67353      3.3978       2.755    -0.29429      4.2813     -2.4089=0.1925,0.8075
0.67353      3.3978       2.755    -0.29429      4.2813     -2.4089=0.2025,0.7975
0.67353      3.3978       2.755    -0.29429      4.2813     -2.4089=0.18875,0.81125
0.67353      3.3978       2.755    -0.29429      4.2813     -2.4089=0.185,0.815
0.67353      3.3978       2.755    -0.29429      4.2813     -2.4089=0.18875,0.81125
0.64738      3.1653      2.4399    -0.40906      9.9714     -1.2442=0.18,0.82
0.66045      3.2815      2.5974    -0.35167      7.1264     -1.8265=0.18875,0.81125
0.66699      3.3397      2.6762    -0.32298      5.7038     -2.1177=0.18375,0.81625
0.67026      3.3687      2.7156    -0.30864      4.9926     -2.2633=0.20125,0.79875
5.3949    -0.12597      7.9416     -5.7633      9.9714      6.3303=0.4775,0.5225
3.0793      1.6435      5.3485      -3.004      7.1286       1.953=0.4725,0.5275
1.92      2.5281      4.0518     -1.6249       5.707    -0.23575=0.4925,0.5075
1.34      2.9707       3.403    -0.93484      4.9957     -1.3308=0.4675,0.5325
1.0493      3.1926      3.0778    -0.58896      4.6392     -1.8797=0.35375,0.64625
0.90243      3.3046      2.9135    -0.41426      4.4591      -2.157=0.25875,0.74125
0.82573      3.3632      2.8277    -0.32301       4.365     -2.3018=0.22375,0.77625
0.77536      3.4009      2.7722    -0.26432      4.3041     -2.3954=0.2375,0.7625
0.72445      3.3994      2.7636    -0.27932      4.2927     -2.4021=0.2125,0.7875
0.69899      3.3986      2.7592    -0.28682       4.287     -2.4055=0.2,0.8
0.68626      3.3982      2.7571    -0.29056      4.2842     -2.4072=0.185,0.815
0.68626      3.3982      2.7571    -0.29056      4.2842     -2.4072=0.205,0.795
0.68626      3.3982      2.7571    -0.29056      4.2842     -2.4072=0.1925,0.8075
0.68626      3.3982      2.7571    -0.29056      4.2842     -2.4072=0.20625,0.79375
0.68626      3.3982      2.7571    -0.29056      4.2842     -2.4072=0.2,0.8
0.68626      3.3982      2.7571    -0.29056      4.2842     -2.4072=0.18125,0.81875
0.68626      3.3982      2.7571    -0.29056      4.2842     -2.4072=0.1925,0.8075
4.7194     0.13692     -2.4622      3.0622      9.9714      5.0061=0.48125,0.51875
0.69077      3.3945      2.7513    -0.28682      4.2905     -2.3989=0.19625,0.80375
0.68852      3.3964      2.7542    -0.28869      4.2874      -2.403=0.2025,0.7975
0.68739      3.3973      2.7556    -0.28963      4.2858     -2.4051=0.18875,0.81125
0.68401      3.3964      2.7464    -0.28295      4.2873     -2.4065=0.1725,0.8275
0.68401      3.3964      2.7464    -0.28295      4.2873     -2.4065=0.185,0.815
0.68401      3.3964      2.7464    -0.28295      4.2873     -2.4065=0.18625,0.81375
0.68401      3.3964      2.7464    -0.28295      4.2873     -2.4065=0.2025,0.7975
0.68401      3.3964      2.7464    -0.28295      4.2873     -2.4065=0.20875,0.79125
0.68401      3.3964      2.7464    -0.28295      4.2873     -2.4065=0.18375,0.81625
0.68401      3.3964      2.7464    -0.28295      4.2873     -2.4065=0.18875,0.81125
0.11905     -5.7197     -5.9061      3.8417     -9.9286      4.1139=0.47125,0.52875
0.68363      3.3903      2.7406    -0.28018      4.2778     -2.4021=0.1825,0.8175
0.68382      3.3934      2.7435    -0.28156      4.2826     -2.4043=0.18375,0.81625
0.68392      3.3949      2.7449    -0.28226      4.2849     -2.4054=0.17375,0.82625
0.68223      3.3944      2.7357    -0.27467      4.2864     -2.4068=0.215,0.785
0.6831      3.3954      2.7411    -0.27877      4.2869     -2.4066=0.17875,0.82125
0.68354      3.3959      2.7438    -0.28082      4.2871     -2.4066=0.18125,0.81875
0.68375      3.3962      2.7451    -0.28184      4.2872     -2.4065=0.2125,0.7875
0.68386      3.3963      2.7458    -0.28236      4.2873     -2.4065=0.22,0.78
0.68392      3.3964      2.7461    -0.28262      4.2873     -2.4065=0.19625,0.80375
0.68395      3.3964      2.7463    -0.28276      4.2873     -2.4065=0.17625,0.82375
0.68398      3.3964      2.7463    -0.28285      4.2873     -2.4065=0.1925,0.8075
0.684      3.3964      2.7464     -0.2829      4.2873     -2.4065=0.19125,0.80875
0.68401      3.3964      2.7464    -0.28293      4.2873     -2.4065=0.21875,0.78125
0.68401      3.3964      2.7464    -0.28294      4.2873     -2.4065=0.19125,0.80875
0.68401      3.3964      2.7464    -0.28294      4.2873     -2.4065=0.19875,0.80125
0.68401      3.3964      2.7464    -0.28295      4.2873     -2.4065=0.2175,0.7825
0.68401      3.3964      2.7464    -0.28295      4.2873     -2.4065=0.17125,0.82875
0.68401      3.3964      2.7464    -0.28295      4.2873     -2.4065=0.20375,0.79625
0.68401      3.3964      2.7464    -0.28295      4.2873     -2.4065=0.185,0.815
0.68401      3.3964      2.7464    -0.28295      4.2873     -2.4065=0.19625,0.80375
0.68401      3.3964      2.7464    -0.28295      4.2873     -2.4065=0.19375,0.80625
0.68401      3.3964      2.7464    -0.28295      4.2873     -2.4065=0.19,0.81
0.68401      3.3964      2.7464    -0.28295      4.2873     -2.4065=0.185,0.815
-2.1914      -4.613    -0.92782      4.5397     -9.9286      6.6193=0.4975,0.5025
0.68401      3.3964      2.7464    -0.28295      4.2873     -2.4065=0.175,0.825
0.68401      3.3964      2.7464    -0.28295      4.2873     -2.4065=0.1975,0.8025
0.68401      3.3964      2.7464    -0.28295      4.2873     -2.4065=0.18125,0.81875
0.68401      3.3964      2.7464    -0.28295      4.2873     -2.4065=0.18,0.82
0.68401      3.3964      2.7464    -0.28295      4.2873     -2.4065=0.2,0.8
0.68401      3.3964      2.7464    -0.28295      4.2873     -2.4065=0.19,0.81
0.68401      3.3964      2.7464    -0.28295      4.2873     -2.4065=0.19625,0.80375
0.68401      3.3964      2.7464    -0.28295      4.2873     -2.4065=0.2025,0.7975
0.68401      3.3964      2.7464    -0.28295      4.2873     -2.4065=0.20625,0.79375
0.68401      3.3964      2.7464    -0.28295      4.2873     -2.4065=0.18375,0.81625
0.68401      3.3964      2.7464    -0.28295      4.2873     -2.4065=0.20125,0.79875
0.68401      3.3964      2.7464    -0.28295      4.2873     -2.4065=0.22125,0.77875
0.68401      3.3964      2.7464    -0.28295      4.2873     -2.4065=0.18,0.82
0.68401      3.3964      2.7464    -0.28295      4.2873     -2.4065=0.205,0.795
0.68401      3.3964      2.7464    -0.28295      4.2873     -2.4065=0.21375,0.78625
0.68401      3.3964      2.7464    -0.28295      4.2873     -2.4065=0.1875,0.8125
0.68401      3.3964      2.7464    -0.28295      4.2873     -2.4065=0.18875,0.81125
0.68401      3.3964      2.7464    -0.28295      4.2873     -2.4065=0.19,0.81
