1   4   4   0  10  -5=0.2325,0.7675
2   4   4   0  10  -5=0.27625,0.72375
1   5   4   0  10  -5=0.20625,0.79375
3   5   4   0  10  -5=0.64875,0.35125
1   7   4   0  10  -5=0.215,0.785
1   5   6   0  10  -5=0.215,0.785
1   5   4   2  10  -5=0.4675,0.5325
1   5   4   0  10  -3=0.23125,0.76875
-1   5   4   0  10  -5=0.4875,0.5125
1   3   4   0  10  -5=0.23625,0.76375
1   5   2   0  10  -5=0.24375,0.75625
1   5   4  -2  10  -5=0.48625,0.51375
1   5   4   0  10  -7=0.225,0.775
1  5  4  0  8 -5=0.21375,0.78625
2   5   4   0  10  -5=0.29,0.71
1   6   4   0  10  -5=0.21125,0.78875
1   5   5   0  10  -5=0.22875,0.77125
1   5   4   1  10  -5=0.44,0.56
1   5   4   0  10  -4=0.21125,0.78875
0   5   4   0  10  -5=0.47375,0.52625
1   4   4   0  10  -5=0.225,0.775
1   5   3   0  10  -5=0.215,0.785
1   5   4  -1  10  -5=0.45875,0.54125
1   5   4   0  10  -6=0.20875,0.79125
1  5  4  0  9 -5=0.22625,0.77375
1.5            5            4            0           10           -5=0.25875,0.74125
1          5.5            4            0           10           -5=0.205,0.795
2          5.5            4            0           10           -5=0.31,0.69
1          6.5            4            0           10           -5=0.27,0.73
1          5.5            5            0           10           -5=0.2125,0.7875
1          5.5            4            1           10           -5=0.42,0.58
1          5.5            4            0           10           -4=0.18625,0.81375
3          5.5            4            0           10           -4=0.63,0.37
1          7.5            4            0           10           -4=0.1875,0.8125
1          5.5            6            0           10           -4=0.21875,0.78125
1          5.5            4            2           10           -4=0.50375,0.49625
1          5.5            4            0           10           -2=0.23625,0.76375
-1          5.5            4            0           10           -4=0.46875,0.53125
1          3.5            4            0           10           -4=0.215,0.785
1          5.5            2            0           10           -4=0.23,0.77
1          5.5            4           -2           10           -4=0.47,0.53
1          5.5            4            0           10           -6=0.2175,0.7825
1         5.5           4           0           8          -4=0.21625,0.78375
2          5.5            4            0           10           -4=0.275,0.725
1          6.5            4            0           10           -4=0.195,0.805
1          5.5            5            0           10           -4=0.21625,0.78375
1          5.5            4            1           10           -4=0.425,0.575
1          5.5            4            0           10           -3=0.21375,0.78625
0          5.5            4            0           10           -4=0.475,0.525
1          4.5            4            0           10           -4=0.20875,0.79125
1          5.5            3            0           10           -4=0.2225,0.7775
1          5.5            4           -1           10           -4=0.4425,0.5575
1          5.5            4            0           10           -5=0.1975,0.8025
1         5.5           4           0           9          -4=0.21375,0.78625
1.5          5.5            4            0           10           -4=0.27625,0.72375
1   6   4   0  10  -4=0.2175,0.7825
1          5.5          4.5            0           10           -4=0.2075,0.7925
1          5.5            4          0.5           10           -4=0.3225,0.6775
1          5.5            4            0           10         -3.5=0.2225,0.7775
0.5          5.5            4            0           10           -4=0.62125,0.37875
1   5   4   0  10  -4=0.20375,0.79625
1          5.5          3.5            0           10           -4=0.21375,0.78625
1          5.5            4         -0.5           10           -4=0.3325,0.6675
1          5.5            4            0           10         -4.5=0.2,0.8
1         5.5           4           0         9.5          -4=0.25125,0.74875
1.25          5.5            4            0           10           -4=0.2475,0.7525
1         5.75            4            0           10           -4=0.20875,0.79125
1          5.5         4.25            0           10           -4=0.2325,0.7675
1          5.5            4         0.25           10           -4=0.28375,0.71625
1          5.5            4            0           10        -3.75=0.21375,0.78625
0.75          5.5            4            0           10           -4=0.19,0.81
1         5.25            4            0           10           -4=0.19625,0.80375
1          5.5         3.75            0           10           -4=0.26375,0.73625
1          5.5            4        -0.25           10           -4=0.24,0.76
1          5.5            4            0           10        -4.25=0.2225,0.7775
1         5.5           4           0        9.75          -4=0.1875,0.8125
1.125          5.5            4            0           10           -4=0.2,0.8
1        5.625            4            0           10           -4=0.18875,0.81125
1          5.5        4.125            0           10           -4=0.22625,0.77375
1          5.5            4        0.125           10           -4=0.24125,0.75875
1          5.5            4            0           10       -3.875=0.22375,0.77625
0.875          5.5            4            0           10           -4=0.20875,0.79125
1        5.375            4            0           10           -4=0.24375,0.75625
1          5.5        3.875            0           10           -4=0.2125,0.7875
1          5.5            4       -0.125           10           -4=0.2275,0.7725
1          5.5            4            0           10       -4.125=0.215,0.785
1         5.5           4           0       9.875          -4=0.2075,0.7925
1.0625          5.5            4            0           10           -4=0.19625,0.80375
1       5.5625            4            0           10           -4=0.21125,0.78875
1          5.5       4.0625            0           10           -4=0.2325,0.7675
1          5.5            4       0.0625           10           -4=0.2425,0.7575
1          5.5            4            0           10      -3.9375=0.24125,0.75875
0.9375          5.5            4            0           10           -4=0.22,0.78
1       5.4375            4            0           10           -4=0.2225,0.7775
