1   4   4   0  10  -5=0.30673,0.69327
1   4   4   0  10  -5=0.30673,0.69327
-59.3464      65.5396      38.4383      21.8116      39.9972     -1.89947=0.46,0.54
44.0704      -64.511     -6.40593     -12.4118       8.0219      31.4691=0.47875,0.52125
4.85572     -61.5884     -72.7669     -32.3135     -23.3404       26.872=0.45625,0.54375
-10.9159     -6.61601     -49.4196      2.69741     -28.1775      66.4856=0.4575,0.5425
-11.19377      31.55588      -56.3257     -6.437674      2.734071      125.1671=0.46375,0.53625
34.564     -33.0084     -31.9331        29.66      11.6069      61.6823=0.49375,0.50625
-6.75501     -14.6525     -33.1355     -25.6002     -66.9608       19.318=0.49625,0.50375
-26.8536     -53.9476     -65.3055     -16.3701     -87.0615      49.7987=0.48375,0.51625
-33.22571      -61.7563     -6.642548     -7.064182     -102.2589      39.23177=0.48375,0.51625
-35.09895     -76.39999     -107.2272      18.88185     -90.32897      51.19668=0.49375,0.50625
-9.040066     -17.95842     -51.29907      -12.8275     -121.3699        34.404=0.48,0.52
-28.45038     -42.91385     -42.37607      16.83149     -129.3298       4.44202=0.4775,0.5225
-15.70351     -52.30628     -9.519005    -0.7594894     -155.7572     -12.79347=0.46875,0.53125
6.70113     -44.15812     -45.86498     -11.50504     -159.5502      6.154495=0.5,0.5
-20.8409     -45.77788      7.728767      5.151323     -144.9423     -53.14182=0.475,0.525
-10.95138     -51.86192     -19.85635     -16.73064     -194.9934     -16.38814=0.48,0.52
-1.730396       -65.068     -33.89934      3.941607     -203.9663      11.60754=0.4675,0.5325
-13.16696       -82.726     -57.72652    -0.7979958     -221.9067       26.5453=0.485,0.515
-18.99355     -81.15452     -59.10657      2.455923     -193.8595       2.28826=0.4825,0.5175
-18.05607      -106.079     -81.76178       12.3402     -191.0163       8.91932=0.495,0.505
-32.35     -60.89176     -60.97428     -8.843323      -177.532     -10.86847=0.495,0.505
-37.81859     -80.72057     -65.44659    -0.2637522     -200.2029     -14.87774=0.4725,0.5275
-47.80699     -91.25247     -82.62298      -5.26843     -180.2629     -10.83849=0.4875,0.5125
-58.64263     -111.7722     -65.57294     -9.554394     -178.7772     -9.157554=0.4775,0.5225
-68.88481     -133.1312     -63.85971     -10.15709     -187.4658     -20.53963=0.4825,0.5175
-76.8372     -150.1274     -71.48234     -1.322619      -184.015     -34.47715=0.475,0.525
-79.15495     -150.2947     -71.68873     -2.975357     -190.8217     -10.55613=0.46625,0.53375
-88.31648     -168.0301     -64.05469     -1.649237     -180.6314     -12.36126=0.475,0.525
-99.80818      -168.111     -67.82349     -5.548967     -172.7069     -29.27852=0.47125,0.52875
-102.5489     -152.7004     -75.64281     -13.42057     -182.0477     -26.96699=0.465,0.535
-111.6328     -155.1737     -91.02343     -5.064076     -177.5782     -26.08628=0.47125,0.52875
-110.8614     -154.8501     -93.46869     -17.92453     -172.3414      -12.8293=0.485,0.515
-101.4247     -157.7036     -100.5744     -20.65257     -185.8857     -12.54816=0.48,0.52
-94.47763     -171.3106     -97.72237     -20.48116     -193.5433     -10.21958=0.485,0.515
-106.4827     -171.8175     -94.10107     -30.61699     -197.4911     -10.06685=0.46375,0.53625
-97.17218     -173.7751     -84.91239     -25.06974     -190.9678     -9.250813=0.49625,0.50375
-95.97783     -169.3445     -93.14486     -29.38996     -192.5846     -1.027605=0.49375,0.50625
-101.0125     -172.6399     -91.17294     -30.49641     -187.7427     -12.77497=0.4975,0.5025
-93.75348     -166.1771     -80.47149     -29.15574     -194.1188      1.206855=0.4875,0.5125
-83.81456     -167.3288     -82.83762     -29.47361     -195.3656     -6.395207=0.4775,0.5225
-84.78225     -162.4141     -86.65062     -28.28464     -185.5085     -9.688578=0.50125,0.49875
-74.92443     -171.5457     -87.00208     -25.45329     -196.2543      -8.24073=0.46,0.54
-75.19852     -171.8086     -81.85163     -21.31799     -187.6148     -9.969939=0.48125,0.51875
-77.63234     -176.3481     -75.61947     -25.38237     -184.8417     -5.499337=0.48375,0.51625
-78.65917     -179.6099     -69.70283     -26.95022     -191.7533     -4.101447=0.46125,0.53875
-81.19671      -182.908     -77.91438     -25.78776     -193.5224     -4.225903=0.48125,0.51875
-80.11547     -177.6175     -77.43873     -22.68886     -190.8061      1.620074=0.47,0.53
-77.81085      -180.146     -77.64804     -16.77833     -193.5121      5.942557=0.4925,0.5075
-81.66022     -179.8286     -81.64164     -21.25967     -192.8777      9.717411=0.47,0.53
-79.4239     -182.7708     -81.03184     -14.99727      -190.908      11.15906=0.51,0.49
-77.46311     -181.5837     -78.86164     -19.03635     -196.1021      11.57851=0.505,0.495
-80.70375     -184.2218     -81.38434     -18.92583     -198.4952      7.258941=0.4675,0.5325
-81.8299     -182.4489      -78.9569      -19.4336     -192.7613       7.54611=0.50125,0.49875
-80.53435      -181.826     -73.16026     -18.24515     -191.4379      8.214283=0.4825,0.5175
-79.18121     -182.4038      -69.5227     -20.72526     -193.6475      11.21736=0.5025,0.4975
-81.18735     -184.7935     -68.85092     -21.66289     -192.6943      6.743214=0.4925,0.5075
-83.97379     -183.2345     -66.90457     -19.10332      -195.507      6.089555=0.47,0.53
-84.05593     -183.8604      -65.2722     -20.22186     -193.1618      2.059188=0.48125,0.51875
-83.94548     -187.3429     -65.17226     -21.94667     -195.9817      1.395918=0.45875,0.54125
-83.64072     -190.9305     -66.77713     -21.22517     -195.8466    -0.8726098=0.49125,0.50875
-81.25022     -188.9065     -66.91277     -21.53118     -196.0375     -1.102164=0.51375,0.48625
-84.86095     -190.0813     -66.16901     -21.04184     -197.3464     -1.705623=0.49875,0.50125
-85.9516     -188.6249     -67.82038     -23.94035     -196.3323     -1.339214=0.47375,0.52625
-88.67003     -186.9617     -67.10498     -23.88795     -197.5686    0.03245062=0.46875,0.53125
-88.228     -186.6674     -70.56217     -24.29019     -197.1613    -0.3494937=0.49375,0.50625
-89.55431       -188.48     -69.63858     -25.16177     -199.0892      0.696763=0.4925,0.5075
-91.26645     -190.1233     -69.72364     -25.96177     -201.0849     0.3995794=0.455,0.545
-91.33704     -191.4869     -70.43232     -24.96765      -199.204      1.964337=0.4975,0.5025
-90.35131     -190.9603     -68.23756     -25.07168     -200.6817      2.376929=0.45875,0.54125
-92.43655     -191.6497     -68.24743     -24.67035     -201.5721      1.023774=0.48,0.52
-93.89955     -193.7112     -68.69953     -24.48495     -202.0579      1.067264=0.46375,0.53625
-93.85713     -192.9668      -69.7501     -26.30826     -201.7481     0.0102921=0.4825,0.5175
-95.36083     -193.1301     -68.96345     -25.27991     -202.5285      1.020141=0.49625,0.50375
-94.92542     -192.0022     -67.94368     -25.62109     -201.0177      1.403765=0.47,0.53
-95.76332     -192.2849     -67.47672     -25.27206     -199.7436      2.749198=0.46125,0.53875
-96.48855     -191.0894     -66.45505      -25.1383     -200.2545      1.836249=0.46625,0.53375
-98.29081     -191.4681     -66.09669     -24.83839      -200.508      2.026899=0.4625,0.5375
-97.47993     -192.1675     -66.75344     -24.74581     -199.6591      1.006267=0.46,0.54
-96.31182     -193.3002     -66.47392     -24.76815      -199.748     0.4694189=0.4775,0.5225
-98.13278     -193.0259     -66.43611     -24.45532     -199.1201   -0.03719355=0.4825,0.5175
-97.82776     -192.7518     -67.56594     -25.32808     -199.2052    -0.5352119=0.48625,0.51375
-97.53148     -192.4037     -65.80022     -24.91976      -199.183     0.8841883=0.49625,0.50375
-96.84762     -192.2543     -64.66512      -25.3802     -199.1767      1.004778=0.48875,0.51125
-97.77917     -192.4941     -64.54046     -25.19952      -199.754     0.2957511=0.47875,0.52125
-98.32211     -192.5959      -64.0581     -24.16628     -199.8777     0.4073319=0.46875,0.53125
-97.74114     -191.8717     -63.38607      -23.9041     -199.9791     0.1223205=0.47125,0.52875
-96.78411     -191.7225     -63.31687     -23.85602     -200.1932     0.7046097=0.49625,0.50375
-97.62513     -191.8067     -62.98308     -23.01888     -199.5434     0.3390063=0.48125,0.51875
-97.29957     -192.4215     -62.83805     -24.04644     -199.4642     0.1435024=0.4625,0.5375
-97.16899     -192.7128     -61.95634     -24.34722     -199.5033    0.06290115=0.48875,0.51125
-97.42046     -192.8522     -62.08105     -24.31159     -200.3879    0.04139618=0.4975,0.5025
-96.7217     -192.9517     -61.83101     -24.60374      -199.248     0.6895104=0.47375,0.52625
-97.11485     -193.4599     -61.55892     -24.39071     -198.8398     0.8303402=0.46375,0.53625
-97.08702     -193.2556     -61.81419     -23.67071     -198.8252     0.9800497=0.48625,0.51375
-97.44376     -192.6359     -61.80727     -23.60586     -198.8239       1.24445=0.47875,0.52125
-97.77512     -192.6855     -61.79194     -23.08148     -199.1929      1.175569=0.48625,0.51375
-97.91011     -192.4506     -61.69853     -23.53173     -198.5852      0.856187=0.50125,0.49875
-97.14269     -192.3089     -62.00554     -23.46629     -198.8998     0.8342547=0.4975,0.5025
-97.2673     -192.0277     -62.15557     -23.04898     -198.5886     0.8514144=0.48625,0.51375
-96.97473     -192.2343     -62.28822     -22.73123     -198.9037     0.7846604=0.5,0.5
-97.09135     -192.3505     -62.19228     -22.98268     -198.1794     0.7617222=0.5075,0.4925
-97.32838     -191.9138     -62.22133     -23.05111     -198.6121       1.36514=0.4825,0.5175
-97.20557     -191.7034     -62.24352     -23.16694     -198.3715      1.009421=0.485,0.515
-97.10664      -192.145     -62.23571     -22.78912     -198.7434      1.574472=0.4625,0.5375
-96.9494     -192.4133     -61.96473     -22.66672     -198.5967      1.631202=0.45625,0.54375
-96.88216     -192.2662     -62.06308       -22.686     -198.2058      1.610077=0.4825,0.5175
-97.04503     -192.3872     -62.16514     -22.37926      -198.401      1.629223=0.47625,0.52375
-97.24037     -192.2525     -61.80282     -22.68721     -198.6144      1.760844=0.5075,0.4925
-96.952     -192.4881     -61.85365     -22.89089     -198.8296      1.760832=0.48,0.52
-97.01489     -192.5288     -61.82816     -22.37949     -198.5509      1.562099=0.5,0.5
-96.90397     -192.5252     -61.70473     -22.42857     -198.7253      1.792442=0.485,0.515
-96.88513     -192.5005     -61.81307     -22.34424     -198.4446      1.731113=0.4875,0.5125
-96.99615     -192.4979     -61.42879     -22.47663     -198.6683      1.830271=0.48875,0.51125
-96.8675     -192.4894     -61.43577     -22.33937     -198.4496      1.830939=0.48,0.52
-97.03631     -192.4116     -61.46698     -22.34962     -198.2507      1.825156=0.47375,0.52625
-96.91179     -192.5894     -61.49912     -22.42427     -198.2527      1.944213=0.4675,0.5325
-97.04863     -192.6715     -61.56387     -22.42962     -198.4072      1.856315=0.47375,0.52625
-96.71508     -192.6753     -61.46525     -22.36287     -198.2639      1.879518=0.4625,0.5375
-96.74936     -192.7905     -61.59077     -22.24298      -198.318      1.830513=0.465,0.535
-96.72782     -192.6819     -61.32094     -22.31437     -198.1656      1.989106=0.51,0.49
-96.70869     -192.8225     -61.27338      -22.1961     -198.1406      1.928734=0.495,0.505
-96.75022     -192.7874     -61.25546     -22.06613     -198.0929      1.809381=0.48625,0.51375
-96.68927      -192.672     -61.35811     -22.06025      -198.136      1.748968=0.49625,0.50375
-96.64144     -192.7334     -61.20182     -22.09997     -198.1133      1.912847=0.49375,0.50625
-96.67519     -192.6773     -61.27368     -22.12069     -198.0016      1.980796=0.49,0.51
-96.66992     -192.6915     -61.23017     -22.14005     -197.8627      2.031511=0.4875,0.5125
-96.69444     -192.7539     -61.28724     -22.14172     -197.9274      2.131659=0.47,0.53
-96.60459     -192.6563     -61.26002     -22.13477      -197.957      2.155321=0.47,0.53
-96.7013     -192.7068     -61.32841     -22.16936     -197.9663      2.160724=0.49625,0.50375
-96.59045     -192.6792     -61.35251     -22.13761     -198.0124      2.216877=0.4775,0.5225
-96.59055     -192.6792     -61.35251     -22.13761     -198.0124      2.216877=0.505,0.495
-96.59045     -192.6793     -61.35251     -22.13761     -198.0124      2.216877=0.5025,0.4975
-96.59045     -192.6792     -61.35261     -22.13761     -198.0124      2.216877=0.46125,0.53875
-96.59045     -192.6792     -61.35251     -22.13771     -198.0124      2.216877=0.4775,0.5225
-96.59045     -192.6792     -61.35251     -22.13761     -198.0125      2.216877=0.4875,0.5125
-96.59045     -192.6792     -61.35251     -22.13761     -198.0124      2.216977=0.50875,0.49125
-78.53279     -159.4936      -101.864     -18.74399     -201.0728      33.60383=0.4775,0.5225
-46.16812     -114.9918     -89.59922     -15.12758     -215.8947      43.94721=0.48875,0.51125
-79.25602     -193.0138     -137.7379     -18.02532     -167.1286      17.77101=0.46625,0.53375
-49.49296     -185.4203     -160.6979     -17.55052     -179.4481      62.51196=0.51625,0.48375
-91.98604     -204.9275      -171.232      -18.0692     -154.2971      58.42897=0.45125,0.54875
-100.8033      -211.465     -179.7837     -16.95953     -190.3135      22.75393=0.48625,0.51375
-66.45337     -245.7002      -178.198     -19.50427     -145.7151      67.40393=0.49375,0.50625
-99.95448     -247.2805     -167.4809     -20.61873     -151.0462      66.25395=0.4975,0.5025
-86.21444     -231.5641     -206.4291     -18.50291     -144.8728      53.66214=0.47625,0.52375
-105.275     -232.2078     -197.8006     -22.16802     -138.4324      30.59063=0.47125,0.52875
-132.7055     -213.6925     -215.2097     -20.38099     -149.3722      32.77039=0.47375,0.52625
-120.6743     -232.7207     -207.8523     -18.19925     -159.7488      8.477308=0.48125,0.51875
-136.479     -227.9483     -223.2081     -22.41989     -146.3528      3.277106=0.46625,0.53375
-137.9758     -231.6218     -216.4248     -21.18062      -114.341      4.175054=0.4825,0.5175
-132.3371     -243.0714     -211.1424     -18.11943     -131.2644      3.689156=0.4875,0.5125
-125.5762     -232.9496     -212.9575     -15.64756     -127.1477       25.2488=0.47125,0.52875
-108.9127     -233.3913     -208.3405     -14.06274     -106.3778      22.90743=0.47875,0.52125
-138.9445     -226.5749     -211.6428      -17.3301     -108.4521      32.91772=0.51,0.49
-130.807     -208.4777     -198.0534     -17.00514     -103.5236      45.62375=0.48,0.52
-127.0051     -221.8516     -215.9162     -17.81366       -93.431      49.81461=0.47375,0.52625
-125.9174     -207.0564     -231.5812     -17.66481     -81.72286       47.5451=0.4675,0.5325
-134.1167     -198.2218     -233.7654     -16.56054     -98.34157      41.80042=0.45875,0.54125
-128.469     -197.0567     -215.1226     -15.44603      -101.094       36.9115=0.4975,0.5025
-127.5523     -203.0945     -217.8725     -17.67465     -101.2866      48.00953=0.48625,0.51375
-132.8582     -205.8602     -225.2601     -18.48414     -99.39221       46.3957=0.48125,0.51875
-125.8956     -214.7925     -222.6123      -19.4789     -92.92103      57.83853=0.46,0.54
-126.733     -203.4586     -221.3527      -20.3954     -103.1493      51.68603=0.46125,0.53875
-130.2802     -207.1261     -212.4823     -19.09606     -91.46086      47.17025=0.46875,0.53125
-128.4185     -194.9964     -210.0528     -17.98227     -96.68135      49.20999=0.49,0.51
-138.4645     -195.7298     -204.0525     -17.85495     -99.96879      59.35548=0.4875,0.5125
-134.0643     -195.8219      -209.369     -18.81458     -106.7689      67.33272=0.485,0.515
-137.0711     -186.4155     -215.9959     -18.34422     -105.3293      74.01961=0.48,0.52
-140.8244     -178.4377     -212.8701     -19.40826     -104.3957      70.00023=0.49625,0.50375
-147.742     -185.2941     -217.0814      -18.1432     -111.9999      74.03522=0.49375,0.50625
-132.6104     -181.7039     -208.7826     -17.49216     -104.4755      75.45744=0.47875,0.52125
-123.8243     -180.4475     -206.1204     -17.82864     -99.67037      79.65053=0.46625,0.53375
-127.6835     -178.6937     -201.7554     -17.71364      -104.381      71.83437=0.47375,0.52625
-126.4541     -173.2297      -205.339     -18.46154     -99.89343      73.88997=0.48,0.52
-129.4334     -186.3572     -199.1773     -17.20976     -103.5621      68.25865=0.46875,0.53125
-122.3051     -183.4042     -201.3659     -17.68568      -100.706       69.3358=0.48875,0.51125
-123.3602     -187.1745     -200.7017     -16.58548      -101.942      71.64887=0.48375,0.51625
-124.3156     -192.2851     -205.6306     -16.41698     -104.1885      67.92858=0.48,0.52
-128.0749     -189.3398     -206.3788     -15.96812     -103.6913      73.32733=0.4775,0.5225
-131.0475      -186.055     -204.7158     -15.73072     -101.2293      68.09347=0.47875,0.52125
-133.1646     -179.4384     -206.1606     -15.83864     -99.76267      67.42221=0.48375,0.51625
-131.421     -178.9018     -205.2962     -15.63634     -105.4545      64.90658=0.47875,0.52125
-131.9182     -176.8166      -201.901     -15.12495     -108.0261      63.66371=0.47125,0.52875
-136.8926     -176.4688     -203.3654      -15.0344     -110.4525       66.1001=0.49375,0.50625
-141.1979     -173.6845     -201.4908     -15.03377     -108.9279      64.20455=0.4675,0.5325
-142.484     -173.5157      -198.008      -14.5578     -107.6363      64.46829=0.47875,0.52125
-143.8378     -170.1259     -199.4302     -14.16189     -108.7283      65.63173=0.4675,0.5325
-143.9539     -169.2024     -198.2241     -14.45163     -111.7993      62.83675=0.49625,0.50375
-145.9796     -172.6268     -198.7062     -14.30183     -111.4953        65.325=0.4775,0.5225
-145.2251     -171.3804     -198.1805     -13.83583      -109.922      66.28361=0.46875,0.53125
-144.7243     -171.6484     -201.1583     -14.12207     -108.2907      65.25567=0.475,0.525
-144.1277     -170.6574     -204.7789     -14.00891     -109.3114      65.88842=0.47625,0.52375
-144.6262      -168.766     -205.6189      -13.7974     -110.2859      68.56312=0.505,0.495
-143.5764     -165.3576     -205.0942     -13.75095     -110.0954      67.52727=0.49125,0.50875
-142.9629     -164.9024     -204.4596     -13.75397      -113.132      68.85348=0.46625,0.53375
-145.5461     -163.7464     -205.4676     -13.72953     -112.6968      67.30606=0.4875,0.5125
