-0.63305      0.2286     0.36322      2.2659    -0.37953      2.8924=0.47625,0.52375
3.769     -2.3012      8.3595     -8.8292      7.2128      5.9446=0.45625,0.54375
4.8461     -4.8809      3.8371     -3.8356      3.7244      -3.862=0.47,0.53
-9.7127      3.6436      6.0119      8.7644      4.5222      1.7184=0.4875,0.5125
-2.5274      6.8603     -6.8441     -5.7647     -2.4914     -6.5694=0.495,0.505
7.5299      9.0482      8.2312     -2.1697      -3.666     -1.9215=0.47625,0.52375
-5.2529      4.8931     -3.2121     -4.2195      9.2827      5.7714=0.48375,0.51625
-2.5297      7.9655     -3.5368      6.1654      3.3498      3.0005=0.4975,0.5025
-2.634     -1.7504     0.21129    -0.89832     -2.5454     -4.0668=0.46125,0.53875
2.9592      3.7474    -0.98306    -0.45857      2.3441     -0.3849=0.485,0.515
3.769     -2.3012      8.3595     -8.8292      7.2128      5.9446=0.4625,0.5375
-5.2529      4.8931      6.0119     -4.2195      9.2827      5.7714=0.4925,0.5075
-2.5297      7.9655     -3.5368    -0.45857      2.3441     -0.3849=0.49,0.51
3.769     -2.3012      8.3595     -8.8292      7.2128      5.9446=0.47375,0.52625
-2.5274     -4.8809     -6.8441     -3.8356     -2.4914      -3.862=0.49375,0.50625
7.5299     -4.8809      3.8371     -2.1697      3.7244      -3.862=0.49,0.51
-2.634     -1.7504      8.3595     -8.8292     -2.5454      5.9446=0.4825,0.5175
-2.634     -1.7504     0.36322      2.2659     -2.5454      2.8924=0.465,0.535
8.5299      9.0482      8.2312     -2.1697      -2.666    -0.92155=0.4725,0.5275
3.9592      3.7474    -0.98306    -0.45857      1.3441      0.6151=0.62375,0.37625
3.769     -2.3012      8.3595     -8.8292      7.2128      5.9446=0.47,0.53
3.769     -2.3012      8.3595     -8.8292      7.2128      5.9446=0.47625,0.52375
-2.634     -1.7504      8.3595      2.2659     -2.5454      5.9446=0.4675,0.5325
-2.634      3.7474    -0.98306      2.2659      1.3441      0.6151=0.50375,0.49625
8.5299      9.0482      8.3595     -2.1697      -2.666    -0.92155=0.47125,0.52875
7.5299     -2.3012      3.8371     -2.1697      3.7244      -3.862=0.475,0.525
-2.5274     -4.8809     -3.5368     -3.8356     -2.4914     -0.3849=0.4575,0.5425
3.769      4.8931      8.3595     -4.2195      9.2827      5.9446=0.48625,0.51375
-2.634     -1.7504     0.36322      3.2659     -1.5454      3.8924=0.48125,0.51875
3.9592      3.7474    -0.98306    -0.45857      1.3441      1.6151=0.38625,0.61375
3.9592      3.7474    -0.98306    -0.45857      1.3441      1.6151=0.41,0.59
-2.5274      3.7474    -0.98306      2.2659      1.3441      0.6151=0.48875,0.51125
-2.5274     -2.3012     -3.5368     -3.8356      7.2128     -0.3849=0.47375,0.52625
-2.634      3.7474     0.36322    -0.45857      1.3441      1.6151=0.485,0.515
3.9592     -2.3012    -0.98306     -8.8292      1.3441      5.9446=0.475,0.525
-2.634     -1.7504      8.3595      2.2659     -2.5454      5.9446=0.47625,0.52375
8.5299     -2.3012      3.8371     -2.1697      3.7244      -3.862=0.49375,0.50625
8.5299     -2.3012      8.3595     -8.8292      7.2128    -0.92155=0.48,0.52
3.9592      4.7474    0.016939     -1.4586      2.3441      1.6151=0.4925,0.5075
3.769      4.8931      8.3595     -4.2195      8.2827      5.9446=0.46125,0.53875
3.9592      3.7474    -0.98306    -0.45857      1.3441      1.6151=0.37625,0.62375
8.5299     -2.3012      3.8371     -2.1697      3.7244      -3.862=0.46125,0.53875
-2.634      3.7474     0.36322     -8.8292      1.3441      1.6151=0.4725,0.5275
3.9592      3.7474    -0.98306      2.2659      1.3441      1.6151=0.50375,0.49625
3.9592      4.7474    0.016939     -8.8292      1.3441      1.6151=0.48625,0.51375
3.9592      3.7474    -0.98306    -0.45857     -2.5454      5.9446=0.3925,0.6075
8.5299     -2.3012      8.3595     -3.8356      7.2128     -0.3849=0.4925,0.5075
3.9592      4.8931    -0.98306     -4.2195      8.2827      1.6151=0.47125,0.52875
3.769      5.1431      8.3595     -4.2195      8.7827      5.9446=0.46875,0.53125
-2.5274     -2.3012     -3.5368     -3.8356      7.2128     -0.8849=0.47625,0.52375
3.9592      3.7474    -0.98306    -0.45857      1.3441      1.6151=0.38875,0.61125
3.9592      3.7474    -0.98306     -8.8292      1.3441      1.6151=0.49875,0.50125
8.5299      5.1431      3.8371     -2.1697      3.7244      -3.862=0.48875,0.51125
3.9592     -2.3012      3.8371    -0.45857      1.3441      -3.862=0.475,0.525
-2.634      3.7474     0.36322      2.2659      1.3441      1.6151=0.5025,0.4975
3.9592      3.7474      8.3595     -3.8356     -2.5454      5.9446=0.485,0.515
3.9592      4.8931    -0.98306     -4.2195      8.2827      1.6151=0.4925,0.5075
3.9592      3.7474     -3.5368     -3.8356      7.2128     -0.8849=0.48,0.52
3.769      6.1431      7.3595     -3.2195      9.7827      5.9446=0.48,0.52
3.9592      4.7474    -0.98306     0.54143      2.3441      2.6151=0.39125,0.60875
3.9592      3.7474    -0.98306    -0.45857      1.3441      1.6151=0.40125,0.59875
3.9592      3.7474    -0.98306     -8.8292      1.3441      1.6151=0.47375,0.52625
3.9592      4.7474      3.8371     0.54143      1.3441      2.6151=0.41375,0.58625
3.9592      3.7474     0.36322      2.2659      1.3441      1.6151=0.45,0.55
3.9592      6.1431      7.3595    -0.45857      9.7827      -3.862=0.4675,0.5325
8.5299      5.1431     -3.5368     -3.8356      7.2128     -0.8849=0.49875,0.50125
3.769      4.7474    -0.98306     -3.2195      9.7827      5.9446=0.4975,0.5025
3.9592      4.8931      8.3595     -4.2195     -2.5454      5.9446=0.4875,0.5125
3.9592      3.7474     -1.4831    -0.20857      1.5941      1.6151=0.45125,0.54875
4.4592      4.8931    -0.98306     -4.2195      8.2827      2.1151=0.4675,0.5325
3.9592      3.7474    -0.98306    -0.45857      1.3441      1.6151=0.4125,0.5875
3.769      4.7474     0.36322     -3.2195      9.7827      5.9446=0.49125,0.50875
3.9592      3.7474    -0.98306    -0.45857      1.3441      1.6151=0.41625,0.58375
4.4592      3.7474    -0.98306    -0.45857      8.2827      1.6151=0.37125,0.62875
3.9592      4.7474      3.8371    -0.45857      1.3441      2.6151=0.42375,0.57625
3.9592      3.7474     -1.4831    -0.45857      1.5941      1.6151=0.41125,0.58875
3.9592      4.8931     -3.5368     -3.8356     -2.5454      5.9446=0.4925,0.5075
3.9592      3.7474      8.3595      2.2659     -2.5454      5.9446=0.45,0.55
3.9592      4.4974      3.8371     0.66643      1.3441      2.6151=0.39875,0.60125
3.9592      3.8724    -0.73306     -8.6417      1.4691      1.7401=0.5125,0.4875
4.4592      3.7474    -0.98306    -0.45857      8.2827      1.6151=0.3425,0.6575
3.769      4.7474     0.36322     -3.2195      9.7827      5.9446=0.4775,0.5225
3.9592      3.7474    -0.98306    -0.45857      1.3441      1.6151=0.40125,0.59875
4.4592      4.4974      3.8371     0.66643      1.3441      1.6151=0.35375,0.64625
3.9592      3.7474    -0.73306     -8.6417      1.4691      1.7401=0.465,0.535
4.4592      3.7474      8.3595    -0.45857      8.2827      5.9446=0.38125,0.61875
3.9592      3.7474    -0.98306    -0.45857      8.2827      1.6151=0.38875,0.61125
3.9592      3.7474     -1.4831     -3.8356     -2.5454      1.6151=0.46125,0.53875
4.4592      4.7474      4.3371    -0.20857      1.8441      2.6151=0.43625,0.56375
4.4592      3.7474     -1.4831    -0.45857      1.3441      1.6151=0.3375,0.6625
4.4592      3.7474     -1.4831    -0.45857      1.3441      1.6151=0.35375,0.64625
3.769      4.7474     0.36322    -0.45857      9.7827      5.9446=0.4175,0.5825
4.4592      3.7474    -0.73306    -0.45857      8.2827      1.6151=0.35625,0.64375
3.9592      3.7474    -0.98306     -3.8356      1.3441      1.6151=0.47,0.53
4.4592      4.7474     -1.4831    -0.45857      1.3441      2.6151=0.37875,0.62125
3.9592      3.7474    -0.98306    -0.45857      1.3441      1.6151=0.3975,0.6025
4.4592      3.7474    -0.98306     0.66643      8.2827      1.6151=0.36125,0.63875
4.4592      4.4974    -0.98306    -0.45857      1.3441      1.6151=0.33625,0.66375
4.4592      3.7474      7.3595    -0.45857      9.2827      5.9446=0.3675,0.6325
5.4592      4.7474     -1.4831     0.54143      1.3441      1.6151=0.3775,0.6225
4.4592      4.4974    -0.98306    -0.45857      1.3441      1.6151=0.37375,0.62625
4.4592      4.7474     0.36322    -0.45857      1.3441      5.9446=0.3675,0.6325
4.4592      3.7474    -0.98306    -0.45857      9.2827      5.9446=0.33625,0.66375
4.4592      3.7474    -0.98306    -0.45857      8.2827      1.6151=0.3325,0.6675
3.9592      3.7474    -0.98306    -0.45857      1.3441      1.6151=0.40375,0.59625
4.4592      4.4974    -0.98306    -0.45857      9.2827      1.6151=0.36375,0.63625
5.4592      4.4974    -0.98306    -0.45857      1.3441      1.6151=0.3875,0.6125
4.4592      3.7474    -0.73306    -0.45857      1.3441      1.6151=0.33625,0.66375
4.4592      3.7474     -1.4831     0.54143      1.3441      1.6151=0.34,0.66
5.4592      3.7474    -0.48306    -0.45857      1.3441      2.6151=0.4025,0.5975
4.4592      3.7474    -0.98306    -0.45857      8.2827      1.6151=0.34625,0.65375
4.4592      4.7474     0.36322    -0.45857      1.3441      1.6151=0.375,0.625
4.4592      3.7474    -0.98306    -0.45857      8.2827      1.6151=0.35,0.65
4.4592      3.7474    -0.98306    -0.45857      1.3441      1.6151=0.34,0.66
4.4592      4.4974    -0.73306    -0.45857      1.3441      1.6151=0.3375,0.6625
4.4592      3.7474    -0.98306    -0.45857      8.2827      1.6151=0.36,0.64
4.4592      3.7474    -0.98306    -0.45857      9.2827      5.9446=0.34625,0.65375
4.4592      3.7474    -0.98306    -0.45857      1.3441      1.6151=0.35625,0.64375
4.9592      3.7474    0.016939     0.54143     0.34408      2.6151=0.485,0.515
5.4592      4.4974    -0.98306     0.54143      2.3441      2.6151=0.375,0.625
4.4592      4.4974    -0.73306    -0.45857      1.3441      1.6151=0.37,0.63
4.4592      3.7474    -0.98306    -0.45857      1.3441      2.6151=0.31875,0.68125
4.4592      3.7474    -0.98306    -0.45857      8.2827      1.6151=0.33375,0.66625
4.4592      3.7474    -0.73306    -0.45857      1.3441      1.6151=0.32375,0.67625
4.4592      3.7474    -0.98306    -0.45857      8.2827      1.6151=0.35125,0.64875
4.4592      3.7474    -0.98306    -0.45857      1.3441      1.6151=0.33,0.67
4.4592      3.7474    0.016939     0.54143      1.3441      2.6151=0.3375,0.6625
4.4592      3.7474    -0.73306    -0.45857      1.3441      1.6151=0.3425,0.6575
4.7092      4.7474     0.36322    -0.45857      1.8441      1.6151=0.34625,0.65375
4.9592      4.2474    -0.98306    -0.45857      9.2827      5.9446=0.38375,0.61625
4.4592      3.7474    -0.98306    -0.45857      1.3441      2.6151=0.34375,0.65625
4.7092      4.7474    -0.98306    -0.45857      1.8441      1.6151=0.3475,0.6525
4.4592      3.7474    -0.98306    -0.45857      1.3441      2.6151=0.32625,0.67375
4.4592      4.4974    -0.98306    -0.45857      1.3441      1.6151=0.33125,0.66875
4.4592      3.7474    -0.98306     0.54143      1.3441      2.6151=0.33125,0.66875
4.4592      3.7474    -0.98306    -0.45857      1.3441      2.6151=0.34875,0.65125
4.4592      3.7474    -0.73306    -0.45857      1.3441      1.6151=0.365,0.635
4.4592      3.7474    -0.73306    -0.45857      1.3441      1.6151=0.35875,0.64125
4.4592      3.7474    -0.98306    -0.45857      8.2827      0.6151=0.49625,0.50375
4.4592      4.7474    0.016939    -0.45857      2.3441      1.6151=0.36,0.64
4.4592      3.7474    -0.98306    -0.45857      1.3441      2.6151=0.325,0.675
4.4592      3.7474    -0.98306    -0.45857      1.3441      2.6151=0.3725,0.6275
4.4592      3.7474    -0.98306    -0.45857      1.3441      1.6151=0.37375,0.62625
4.4592      3.7474    -0.98306    -0.45857      1.3441      2.6151=0.3425,0.6575
4.4592      3.7474    -0.98306    -0.45857      1.3441      1.6151=0.33375,0.66625
4.4592      3.7474    -0.98306    -0.45857      1.3441      2.6151=0.34125,0.65875
4.4592      3.7474    0.016939     0.54143      2.3441      1.6151=0.33,0.67
4.4592      3.7474    -0.98306    -0.45857      1.3441      2.6151=0.3625,0.6375
4.7092      4.7474    -0.98306    -0.45857      1.3441      1.6151=0.34875,0.65125
4.9592      3.7474    -0.98306    0.041432      1.5941      2.6151=0.505,0.495
4.4592      3.7474    -0.98306    -0.45857      1.3441      2.6151=0.35125,0.64875
4.4592      3.7474    -0.98306    -0.45857      1.3441      1.6151=0.35,0.65
4.4592      3.7474    -0.98306    -0.45857      1.3441      2.6151=0.355,0.645
4.4592      3.7474    -0.98306     0.54143      2.3441      2.6151=0.35125,0.64875
4.7092      4.7474    -0.98306    -0.45857      1.3441      2.6151=0.355,0.645
4.4592      3.7474    0.016939     0.54143      2.3441      2.6151=0.3625,0.6375
4.4592      3.7474    -0.98306    -0.45857      1.3441      2.6151=0.3575,0.6425
4.4592      3.7474    -0.98306    -0.45857      1.5941      2.6151=0.345,0.655
5.4592      3.7474     -1.9831    -0.45857      2.3441      1.6151=0.37125,0.62875
4.4592      3.7474    -0.98306     0.54143      1.3441      3.6151=0.35375,0.64625
4.4592      3.7474    -0.98306    -0.45857      1.5941      2.6151=0.355,0.645
4.4592      3.7474    -0.98306     0.54143      2.3441      2.6151=0.335,0.665
4.4592      3.7474    -0.98306    -0.45857      1.3441      2.6151=0.33625,0.66375
4.4592      3.7474    0.016939     0.54143      2.3441      2.6151=0.34,0.66
4.4592      3.7474    -0.98306    -0.45857      1.5941      2.6151=0.35125,0.64875
4.4592      3.7474    -0.98306    -0.45857      1.3441      2.6151=0.345,0.655
4.4592      3.7474    -0.98306    -0.45857      1.3441      2.6151=0.32875,0.67125
5.4592      3.7474     -1.9831    -0.45857      2.3441      2.6151=0.3875,0.6125
4.4592      3.2474    -0.98306      1.0414      1.3441      4.1151=0.50625,0.49375
4.9592      5.2474    -0.98306    -0.20857      1.5941      2.6151=0.415,0.585
4.4592      3.7474    -0.98306    -0.45857      1.3441      2.6151=0.37375,0.62625
5.4592      3.7474    -0.98306    -0.45857      2.3441      2.6151=0.3825,0.6175
4.4592      3.7474    -0.98306    -0.45857      1.3441      4.1151=0.35875,0.64125
4.9592      3.7474    0.016939     0.54143      1.5941      2.6151=0.3875,0.6125
4.4592      3.7474    -0.98306    -0.45857      1.3441      2.6151=0.3475,0.6525
4.4592      3.7474    -0.98306    -0.45857      1.3441      2.6151=0.35125,0.64875
4.4592      3.7474    -0.98306    -0.45857      1.3441      2.6151=0.3475,0.6525
4.4592      3.7474    0.016939    -0.45857      2.3441      2.6151=0.37,0.63
4.4592      4.7474    -0.98306     0.54143      2.3441      2.6151=0.3375,0.6625
4.4592      3.7474     -1.9831    -0.45857      1.5941      2.6151=0.3325,0.6675
4.4592      3.7474     -1.9831    -0.45857      1.5941      2.6151=0.3575,0.6425
4.4592      4.7474    -0.98306    -0.45857      2.3441      2.6151=0.3525,0.6475
4.4592      3.7474    -0.98306    -0.45857      2.3441      2.6151=0.3475,0.6525
4.4592      4.7474     -1.9831    -0.45857      1.5941      2.6151=0.35125,0.64875
4.4592      3.7474    -0.98306    -0.45857      1.3441      2.6151=0.37,0.63
4.4592      3.7474     -1.9831    -0.45857      1.3441      2.6151=0.3425,0.6575
4.4592      4.7474    -0.98306     0.54143      1.3441      2.6151=0.3275,0.6725
4.4592      3.7474    -0.98306    -0.45857      1.3441      2.6151=0.35375,0.64625
4.9592      3.7474    -0.98306    -0.45857      1.8441      2.6151=0.36875,0.63125
5.2092      4.2474    0.016939     0.54143      1.0941      2.6151=0.40875,0.59125
4.4592      4.7474    -0.98306     0.54143      1.3441      2.6151=0.34875,0.65125
4.4592      3.7474    -0.98306    -0.45857      2.3441      2.6151=0.33125,0.66875
4.4592      3.7474    -0.98306    -0.45857      1.3441      2.6151=0.35125,0.64875
4.4592      4.7474    -0.98306    -0.45857      1.5941      2.6151=0.365,0.635
4.4592      3.7474     -1.9831    -0.45857      1.8441      2.6151=0.36125,0.63875
4.4592      4.2474    0.016939     0.54143      1.3441      2.6151=0.33625,0.66375
4.4592      3.7474     -1.9831    -0.45857      1.3441      2.6151=0.3475,0.6525
4.4592      3.7474     -1.9831    -0.45857      1.3441      2.6151=0.34625,0.65375
4.4592      4.7474     -1.9831    -0.45857      2.5941      2.6151=0.36125,0.63875
4.4592      3.7474    -0.98306    -0.45857      2.3441      2.6151=0.33125,0.66875
4.4592      3.7474    -0.98306    -0.45857      2.3441      2.6151=0.3625,0.6375
4.4592      3.7474    -0.98306    -0.45857      1.3441      2.6151=0.36375,0.63625
4.4592      4.2474    -0.98306    -0.45857      1.3441      2.6151=0.345,0.655
4.4592      3.7474     -1.9831    -0.45857      2.3441      2.6151=0.36,0.64
4.4592      4.7474    -0.98306    -0.45857      1.3441      2.6151=0.3575,0.6425
4.4592      4.7474     -1.9831     0.54143      1.3441      2.6151=0.3775,0.6225
4.4592      3.7474    -0.98306    -0.45857      2.3441      2.6151=0.44875,0.55125
4.4592      3.7474     -1.9831    -0.45857      1.3441      2.6151=0.355,0.645
4.4592      4.2474    -0.98306     0.54143      1.3441      2.6151=0.3425,0.6575
4.4592      3.7474     -1.9831    -0.45857      2.3441      2.6151=0.37375,0.62625
4.4592      4.2474    -0.98306     0.54143      1.3441      2.6151=0.35875,0.64125
4.4592      3.7474    -0.98306    -0.45857      2.3441      2.6151=0.355,0.645
4.4592      4.2474    -0.98306    -0.45857      1.3441      2.6151=0.345,0.655
4.4592      3.7474    -0.98306    -0.45857      1.3441      2.6151=0.33375,0.66625
4.4592      3.7474     -1.9831    -0.45857      2.3441      2.6151=0.355,0.645
4.4592      4.7474     -1.9831     0.54143      1.3441      2.6151=0.34875,0.65125
4.4592      4.2474    -0.98306    -0.45857      1.3441      2.6151=0.34125,0.65875
4.4592      3.7474    -0.98306     0.54143      1.3441      2.6151=0.355,0.645
4.5217      3.4974     -1.7956    -0.27107      2.3441      2.6776=0.4275,0.5725
4.5842      3.9974    -0.79556    -0.27107      1.5316      2.7401=0.4425,0.5575
4.4592      3.7474    -0.98306    -0.45857      1.3441      2.6151=0.3625,0.6375
4.4592      3.7474    -0.98306    -0.45857      1.3441      2.6151=0.33375,0.66625
4.4592      3.4974    -0.98306    -0.27107      2.3441      2.6776=0.4325,0.5675
4.4592      4.2474    -0.98306    -0.45857      1.3441      2.6151=0.36375,0.63625
4.5842      4.2474    -0.79556    -0.27107      1.5316      2.7401=0.43375,0.56625
4.4592      3.7474    -0.98306    -0.45857      1.3441      2.6151=0.355,0.645
4.4592      4.2474     -1.9831    -0.45857      1.3441      2.6151=0.3525,0.6475
4.4592      4.7474    -0.98306     0.54143      2.3441      2.6151=0.3175,0.6825
4.4592      4.2474    -0.98306    -0.20857      1.3441      3.1151=0.44,0.56
4.9592      3.7474    -0.48306    -0.45857      1.8441      3.1151=0.35625,0.64375
4.4592      4.7474    -0.98306     0.54143      2.3441      2.6151=0.34125,0.65875
4.4592      4.7474    -0.98306     0.54143      1.3441      2.6151=0.365,0.635
4.4592      4.2474    -0.98306    -0.45857      1.3441      2.6151=0.33,0.67
4.5842      4.7474    -0.79556    -0.27107      2.3441      2.7401=0.4175,0.5825
4.4592      3.7474    -0.98306     0.54143      1.3441      2.6151=0.3525,0.6475
4.4592      4.2474    -0.98306    -0.45857      1.3441      2.6151=0.37875,0.62125
4.4592      3.7474    -0.98306    -0.45857      1.3441      3.1151=0.31875,0.68125
4.4592      3.7474     -1.9831    -0.45857      1.3441      2.6151=0.37,0.63
3.4592      3.4974    -0.98306    -0.27107      2.3441      2.6776=0.5,0.5
5.4592      4.7474    0.016939     0.54143      2.3441      3.6151=0.39375,0.60625
4.4592      3.7474    -0.98306    -0.45857      1.3441      3.1151=0.33,0.67
4.4592      3.7474    -0.98306    -0.45857      1.3441      3.1151=0.35375,0.64625
4.4592      4.2474    -0.98306    -0.45857      2.3441      2.6151=0.345,0.655
5.4592      4.7474    0.016939     0.54143      1.3441      3.6151=0.38125,0.61875
4.4592      4.2474    -0.98306    -0.45857      1.3441      2.6151=0.35625,0.64375
4.4592      3.4974    -0.98306    -0.45857      2.3441      2.6776=0.3425,0.6575
4.4592      3.7474    -0.98306    -0.45857      1.3441      3.1151=0.33375,0.66625
4.5842      4.7474    -0.98306    -0.27107      2.3441      2.6151=0.445,0.555
4.7092      4.7474    -0.98306      1.0414      1.8441      2.1151=0.4975,0.5025
4.4592      3.7474    -0.73306     0.54143      1.8441      2.6151=0.3425,0.6575
4.4592      3.7474    -0.98306    -0.45857      1.3441      3.1151=0.3075,0.6925
4.4592      3.4974    -0.98306    -0.45857      2.3441      3.1151=0.3475,0.6525
4.4592      3.7474    -0.98306    -0.45857      1.3441      2.6151=0.355,0.645
4.4592      3.7474    -0.98306     0.54143      1.8441      3.1151=0.33,0.67
4.4592      4.7474    0.016939    -0.45857      1.3441      2.6151=0.3275,0.6725
4.5842      3.7474    -0.98306    -0.27107      1.3441      3.1151=0.4275,0.5725
4.7092      4.7474    -0.98306     0.54143      1.8441      2.1151=0.32875,0.67125
4.4592      3.4974    -0.98306    -0.45857      1.3441      2.6776=0.37,0.63
4.5842      3.8099    -0.98306    -0.70857      1.4691      3.1776=0.35125,0.64875
4.4592      3.7474    -0.73306    -0.45857      1.3441      3.1151=0.34625,0.65375
4.4592      3.7474    -0.98306    -0.45857      1.3441      3.1151=0.335,0.665
4.4592      3.7474    -0.98306    -0.45857      1.3441      3.1151=0.34625,0.65375
4.4592      4.7474    -0.98306     0.54143      1.8441      2.1151=0.37375,0.62625
4.5842      3.7474    -0.98306    -0.45857      1.3441      3.1151=0.35375,0.64625
4.4592      3.8099    -0.73306    -0.45857      1.4691      3.1151=0.3425,0.6575
4.4592      4.7474    -0.98306     0.54143      1.3441      2.1151=0.33125,0.66875
4.4592      3.7474    -0.98306     0.54143      1.8441      3.1151=0.35125,0.64875
4.4592      4.7474    0.016939    -0.45857      2.3441      3.1151=0.34,0.66
4.4592      4.9974    -0.48306    -0.20857      1.3441      3.1151=0.44,0.56
4.9592      3.7474    -0.48306    -0.20857      1.3441      3.3651=0.4325,0.5675
4.4592      4.7474    -0.98306     0.54143      1.3441      2.1151=0.34125,0.65875
4.4592      3.7474    -0.98306    -0.45857      2.3441      3.1151=0.345,0.655
4.4592      3.7474    -0.98306     0.54143      1.3441      2.1151=0.34375,0.65625
4.4592      4.7474    0.016939    -0.45857      1.3441      3.1151=0.35375,0.64625
4.4592      3.8099    -0.73306    -0.45857      1.8441      3.1151=0.3625,0.6375
4.4592      3.7474    -0.98306     0.54143      1.3441      2.1151=0.33,0.67
4.4592      4.9974    -0.98306    -0.20857      1.3441      3.1151=0.46,0.54
4.5842      3.7474    -0.98306    -0.45857      1.3441      2.1151=0.32875,0.67125
4.6467      4.7474    -0.79556     0.79143      1.9691      2.3651=0.3475,0.6525
4.2092      3.7474    -0.85806    -0.20857      1.4691      3.1151=0.46,0.54
4.5842      3.7474    -0.98306    -0.45857      1.3441      2.1151=0.36,0.64
4.4592      3.7474    -0.98306    -0.20857      1.3441      3.1151=0.4475,0.5525
4.5842      3.7474    -0.98306    -0.45857      1.3441      2.1151=0.345,0.655
4.5842      3.7474    -0.98306     0.54143      1.3441      2.1151=0.3775,0.6225
4.4592      3.7474    0.016939    -0.45857      1.3441      3.1151=0.3525,0.6475
4.5842      4.7474    -0.98306     0.54143      1.3441      2.1151=0.335,0.665
4.4592      3.8099    -0.98306    -0.45857      1.8441      3.1151=0.34,0.66
4.4592      3.7474    -0.98306    -0.20857      1.3441      2.1151=0.46375,0.53625
4.6467      5.2474    -0.29556     0.79143      1.9691      2.3651=0.35875,0.64125
4.9592      4.9974    -0.98306      1.0414      1.5941      2.1151=0.45,0.55
4.5842      4.7474    -0.98306     0.54143      1.3441      2.1151=0.33875,0.66125
4.5842      3.7474    -0.98306    -0.45857      1.8441      2.1151=0.365,0.635
4.6467      5.2474    -0.29556      1.0414      1.9691      2.1151=0.45875,0.54125
4.4592      3.7474    -0.98306    -0.45857      1.3441      2.1151=0.34,0.66
4.5842      3.7474    -0.98306     0.54143      1.3441      2.1151=0.34,0.66
4.4592      3.7474    -0.98306    -0.45857      1.3441      3.1151=0.37125,0.62875
4.5842      4.7474    -0.98306     0.54143      1.3441      2.1151=0.34875,0.65125
4.5842      4.7474    -0.98306    -0.45857      1.3441      2.1151=0.355,0.645
4.2092      3.8099    -0.79556    -0.45857      1.8441      3.1151=0.335,0.665
4.4592      3.4974    0.016939    -0.45857      1.3441      3.1151=0.345,0.655
4.2092      3.8099    -0.79556    -0.45857      1.8441      3.1151=0.3325,0.6675
4.2092      3.8099    -0.79556    -0.45857      1.8441      3.1151=0.3275,0.6725
4.4592      3.4974    -0.98306    -0.45857      1.3441      2.1151=0.35625,0.64375
4.5842      3.7474    -0.98306     0.54143      1.3441      2.1151=0.35625,0.64375
4.5842      3.7474    0.016939     0.54143      1.3441      3.1151=0.385,0.615
4.5842      4.7474    -0.98306    -0.45857      1.8441      2.1151=0.35125,0.64875
4.4592      5.2474    -0.29556      1.0414      1.9691      3.1151=0.4425,0.5575
4.2092      3.8099    -0.79556    -0.45857      1.8441      3.1151=0.3275,0.6725
4.4592      4.8099    -0.98306     0.58831      1.3441      2.1776=0.34625,0.65375
4.5842      4.8724    -0.95181    -0.45857      1.4691      2.1151=0.35,0.65
4.2092      3.8099    -0.79556    -0.45857      1.8441      3.1151=0.4025,0.5975
4.4592      3.4974    -0.98306    -0.45857      1.8441      2.1151=0.335,0.665
4.5842      3.8099    -0.95181    -0.45857      1.8441      3.1151=0.35125,0.64875
4.5842      3.7474    -0.98306     0.54143      1.8441      2.1151=0.34875,0.65125
4.2092      3.8099    -0.79556    -0.45857      1.8441      3.1151=0.4025,0.5975
