0.53767      1.8339     -2.2588     0.86217     0.31877     -1.3077=0.27,0.73
-4.43     -7.1623      3.5747     -9.0766      5.3103      3.5941=0.44625,0.55375
0.93763     -1.5648      5.1548     -8.0574       5.904       3.102=0.4925,0.5075
9.1501      8.3147      4.8626      6.4692     -6.2625     -6.7478=0.4875,0.5125
9.2978      5.8441     -2.1555      3.8966    -0.20471       -7.62=0.47,0.53
-6.8477      9.1898      3.1096      -3.658     -1.0883   -0.032719=0.49125,0.50875
9.4119      3.1148     -6.5763      9.0044      2.9263      9.1949=0.48125,0.51875
9.1433     -9.2858      4.1209     -9.3111      4.1873     -3.1923=0.47375,0.52625
-0.29249      6.9826     -9.3633     -1.2251      5.0937      1.7054=0.48,0.52
6.0056      8.6799     -4.4615     -2.3688     -4.4795     -5.5238=0.48375,0.51625
0.53767      1.8339     -2.2588     0.86217     0.31877     -1.3077=0.29875,0.70125
9.4119      3.1148     -9.3633     -1.2251      2.9263      9.1949=0.47375,0.52625
9.1433     -9.2858      4.1209     -9.3111    -0.20471       -7.62=0.46375,0.53625
-6.8477      5.8441     -2.1555      -3.658     -1.0883   -0.032719=0.4925,0.5075
0.53767      1.8339     -2.2588     0.86217     0.31877     -1.3077=0.28875,0.71125
-4.43     -7.1623     -2.2588     -9.0766      5.3103      3.5941=0.46375,0.53625
6.0056     -1.5648      5.1548     -2.3688       5.904     -5.5238=0.45625,0.54375
9.1501      8.6799      4.8626      6.4692     -4.4795     -6.7478=0.4925,0.5075
8.1433     -8.2858      5.1209     -8.3111      4.1873     -2.1923=0.49625,0.50375
-4.43     -7.1623      3.5747     -9.0766      6.3103      3.5941=0.48625,0.51375
0.53767      1.8339     -2.2588     0.86217     0.31877     -1.3077=0.26625,0.73375
6.0056     -1.5648     -2.2588     0.86217       5.904     -1.3077=0.49125,0.50875
0.53767     -1.5648     -2.2588     0.86217       5.904     -1.3077=0.45875,0.54125
0.53767      1.8339     -2.2588     0.86217     0.31877     -1.3077=0.2975,0.7025
9.1501      3.1148     -9.3633      6.4692      2.9263      9.1949=0.4625,0.5375
-4.43     -7.1623      4.1209     -9.3111      5.3103       -7.62=0.4625,0.5375
-4.43      3.1148      3.5747     -9.0766      6.3103      3.5941=0.475,0.525
0.53767     -8.2858     -2.2588     -8.3111      4.1873     -1.3077=0.4875,0.5125
-5.8477      6.8441     -3.1555      -2.658   -0.088276     0.96728=0.47125,0.52875
0.53767      1.8339     -2.2588    -0.13783     0.31877    -0.30769=0.1625,0.8375
0.53767      1.8339     -2.2588    -0.13783     0.31877    -0.30769=0.1775,0.8225
0.53767     -8.2858     -2.2588    -0.13783      4.1873     -1.3077=0.46875,0.53125
0.53767      1.8339     -2.2588     0.86217     0.31877     -1.3077=0.26625,0.73375
9.1501      3.1148     -9.3633      6.4692      2.9263      9.1949=0.48,0.52
-5.8477      6.8441     -2.2588     0.86217   -0.088276     -1.3077=0.47375,0.52625
-5.8477      6.8441     -2.2588      -2.658       5.904     -1.3077=0.47625,0.52375
-4.43      1.8339     -2.2588     -9.0766     0.31877     -1.3077=0.45,0.55
-4.43     -7.1623      4.1209     -9.3111     0.31877    -0.30769=0.4975,0.5025
0.53767     0.83389     -1.2588     0.86217     0.31877     -1.3077=0.32875,0.67125
0.53767     -1.5648     -1.2588     0.86217       5.904     -1.3077=0.48875,0.51125
0.53767      1.8339     -2.2588    -0.13783     0.31877    -0.30769=0.21875,0.78125
0.53767     -8.2858     -2.2588    -0.13783      4.1873     -1.3077=0.50875,0.49125
-4.43     0.83389     -2.2588     -9.0766     0.31877     -1.3077=0.46375,0.53625
0.53767      1.8339     -2.2588     -9.3111     0.31877    -0.30769=0.47,0.53
-4.43      1.8339     -2.2588     -9.0766       5.904     -1.3077=0.4725,0.5275
0.53767      6.8441     -2.2588    -0.13783     0.31877    -0.30769=0.1675,0.8325
0.53767      1.8339     -2.2588    -0.13783     0.31877    -0.30769=0.17625,0.82375
0.53767     -1.5648     -2.2588     0.86217      4.1873     -1.3077=0.48375,0.51625
9.6501      3.3648     -8.8633      6.4692      3.4263      9.6949=0.48875,0.51125
0.53767     0.83389    -0.75885     0.36217     0.56877     -1.0577=0.22375,0.77625
0.53767      6.8441     -2.2588    -0.13783     0.31877    -0.30769=0.6325,0.3675
0.53767      1.8339     -2.2588    -0.13783     0.31877     -1.3077=0.17125,0.82875
0.53767      6.8441     -2.2588    -0.13783     0.31877    -0.30769=0.585,0.415
0.53767      1.8339     -2.2588    -0.13783     0.31877    -0.30769=0.1975,0.8025
9.6501     0.83389     -8.8633      6.4692     0.56877      9.6949=0.485,0.515
0.53767     -8.2858     -2.2588     -9.0766      4.1873     -1.3077=0.46875,0.53125
-4.43      1.8339     -2.2588     -9.0766     0.31877    -0.30769=0.4825,0.5175
-4.43     0.83389    -0.75885     -9.0766     0.31877     -1.0577=0.445,0.555
1.5377      7.8441     -2.2588    -0.13783      1.3188    -0.30769=0.465,0.535
0.53767      5.8441     -1.2588    -0.13783     0.31877    -0.30769=0.18875,0.81125
0.53767      1.8339     -2.2588    -0.13783     0.31877     -1.3077=0.19625,0.80375
0.53767      6.8441     -2.2588    -0.13783     0.31877    -0.30769=0.19875,0.80125
-4.43      1.8339     -2.2588     -9.0766     0.31877     -1.0577=0.465,0.535
9.6501     0.83389     -8.8633    -0.13783     0.56877    -0.30769=0.985,0.015
0.53767     0.83389    -0.75885     -9.0766     0.31877     -1.3077=0.4825,0.5175
0.53767      1.8339     -1.2588    -0.13783     0.31877    -0.30769=0.19375,0.80625
0.53767      1.8339     -2.2588     -9.0766     0.31877     -1.3077=0.465,0.535
1.5377      7.8441     -2.2588    -0.13783      1.3188    -0.30769=0.47375,0.52625
0.53767      1.8339     -2.2588    -0.63783     0.81877     -1.3077=0.265,0.735
-4.43      1.8339     -2.2588     -8.5766     0.31877    -0.30769=0.49625,0.50375
0.53767      1.8339     -1.2588    -0.13783     0.31877    -0.30769=0.19125,0.80875
-4.43      1.8339     -2.2588     -9.0766     0.31877     -1.3077=0.47,0.53
1.5377      1.8339     -1.2588    -0.13783     0.31877    -0.30769=0.95375,0.04625
0.53767      1.8339     -1.2588    -0.13783     0.56877    -0.30769=0.63125,0.36875
0.53767      1.8339     -2.2588     -9.0766     0.81877     -1.3077=0.5025,0.4975
0.53767      1.8339     -2.2588    -0.13783     0.31877     -1.3077=0.17125,0.82875
0.53767      1.8339     -2.2588    -0.13783     0.31877    -0.30769=0.2,0.8
0.53767      1.8339     -1.2588    -0.13783     0.81877     -1.3077=0.64875,0.35125
0.53767      6.9066     -2.2588     0.11217     0.31877    -0.30769=0.16375,0.83625
-4.43      2.0839     -2.0088     -8.5766     0.56877    -0.30769=0.49375,0.50625
0.53767      6.9066     -2.2588     0.11217     0.31877    -0.30769=0.16875,0.83125
0.53767      6.9066     -1.2588     0.11217     0.81877    -0.30769=0.60375,0.39625
0.53767      1.8339     -2.2588    -0.13783     0.31877     -1.3077=0.17625,0.82375
0.53767      2.0839     -2.2588    -0.13783     0.56877    -0.30769=0.585,0.415
0.53767      6.9066     -1.2588    -0.13783     0.31877    -0.30769=0.57875,0.42125
0.53767      6.9066     -2.2588    -0.13783     0.31877    -0.30769=0.1725,0.8275
0.53767      1.8339     -2.2588     -9.0766     0.31877     -1.3077=0.46375,0.53625
0.53767      1.8339     -1.2588    -0.13783     0.31877    -0.30769=0.20875,0.79125
0.78767      1.3339     -1.2588    -0.13783     0.31877    -0.30769=0.2175,0.7825
0.78767      1.8339     -2.2588    -0.13783     0.31877     -1.8077=0.2675,0.7325
0.53767      6.9066     -2.2588     0.11217     0.31877    -0.30769=0.16,0.84
0.78767      1.8339     -2.2588    -0.13783     0.31877     -1.3077=0.21625,0.78375
0.53767      6.9066     -2.2588     0.11217     0.31877    -0.30769=0.17625,0.82375
0.53767      2.0839     -2.2588    -0.13783     0.56877    -0.30769=0.61625,0.38375
0.53767      1.8339     -2.2588     0.11217     0.31877    -0.30769=0.6225,0.3775
0.53767      1.8339     -1.2588    -0.13783     0.31877     -1.3077=0.16,0.84
0.78767      1.8339     -2.2588    -0.13783     0.31877     -1.8077=0.23,0.77
0.53767      6.9066     -1.2588     0.11217     0.31877    -0.30769=0.18125,0.81875
0.53767      1.9589     -2.2588   -0.012827     0.31877     -1.0577=0.7075,0.2925
0.78767      6.6566     -2.1338    0.049673     0.38127    -0.24519=0.18625,0.81375
0.53767      6.9066     -2.2588     0.11217     0.31877    -0.30769=0.5625,0.4375
0.78767      2.0839     -2.1338    0.049673     0.38127    -0.24519=0.2075,0.7925
0.53767      6.9066     -2.2588     0.11217     0.31877    -0.30769=0.14,0.86
0.53767      6.9066     -2.2588     0.11217     0.31877    -0.30769=0.19125,0.80875
0.53767      1.9589     -2.2588   -0.012827     0.31877    -0.30769=0.645,0.355
0.53767      1.8339     -1.2588    -0.13783     0.31877     -1.3077=0.15875,0.84125
0.78767      6.6566     -2.2588    -0.13783     0.38127     -1.8077=0.21,0.79
0.53767      6.9066     -1.2588     0.11217     0.31877    -0.30769=0.18625,0.81375
0.53767      7.4066     -1.2588     0.61217     0.81877    -0.80769=0.2125,0.7875
0.53767      2.0839     -1.0088     0.11217     0.81877     -1.0577=0.59875,0.40125
0.53767      6.9066     -2.2588     0.11217     0.31877    -0.30769=0.18375,0.81625
0.53767      2.0839     -1.0088     0.61217     0.81877    -0.80769=0.165,0.835
0.53767      6.9066     -2.2588     0.11217     0.31877    -0.30769=0.14875,0.85125
0.53767      6.9066     -2.2588     0.11217     0.31877    -0.30769=0.18125,0.81875
0.53767      1.9589     -2.2588     0.11217     0.31877    -0.30769=0.1825,0.8175
0.53767      6.9066     -1.2588     0.11217     0.31877    -0.30769=0.1625,0.8375
0.78767      6.6566     -1.2588    -0.13783     0.38127     -1.3077=0.21375,0.78625
0.78767      2.0839     -2.1338    0.049673     0.38127     -1.8077=0.2,0.8
1.5377      7.9066     -1.2588     0.11217     0.31877    -0.30769=0.90375,0.09625
0.53767      1.8339     -1.2588     -1.1378     0.31877     -1.3077=0.29375,0.70625
0.53767      6.9066     -2.2588     0.11217     0.31877    -0.30769=0.18125,0.81875
0.53767      6.9066     -1.2588     0.11217     0.31877    -0.30769=0.15375,0.84625
0.78767      6.9066     -2.2588    0.049673     0.31877     -1.8077=0.2175,0.7825
0.53767      6.9066     -1.2588     0.11217     0.31877    -0.30769=0.175,0.825
0.78767      2.0839     -2.2588    0.049673     0.38127    -0.30769=0.2075,0.7925
0.53767      6.9066     -2.2588     0.11217     0.31877    -0.30769=0.18875,0.81125
0.53767      6.6566     -1.2588     0.11217     0.31877     -1.3077=0.1875,0.8125
0.53767      2.0839     -1.2588     0.11217     0.81877    -0.80769=0.605,0.395
0.53767      1.9589     -2.2588     0.11217     0.31877    -0.80769=0.19125,0.80875
0.53767      2.3339     -1.0088     0.86217     0.31877    -0.55769=0.17375,0.82625
0.53767      6.9066     -1.2588     0.11217     0.31877    -0.30769=0.17125,0.82875
0.53767      2.3339     -2.2588     0.11217     0.31877    -0.55769=0.62625,0.37375
0.78767      6.9066     -2.2588     0.11217     0.31877    -0.30769=0.2075,0.7925
0.53767      6.9066     -2.2588     0.11217     0.31877    -0.30769=0.16875,0.83125
0.53767      6.6566     -1.2588     0.11217     0.31877     -1.3077=0.145,0.855
0.53767      6.9066     -1.2588     0.11217     0.38127    -0.30769=0.17375,0.82625
0.53767      6.9066     -1.2588     0.11217     0.81877    -0.80769=0.61625,0.38375
0.53767      6.9066     -2.2588     0.11217     0.31877    -0.30769=0.17875,0.82125
0.53767      2.4589    -0.82135     0.92467     0.56877    -0.80769=0.21,0.79
0.60017      6.9066     -1.2588     0.11217     0.56877    -0.30769=0.1775,0.8225
0.53767      6.6566     -1.2588     0.11217     0.31877     -1.3077=0.1875,0.8125
0.53767      6.9066     -2.2588     0.11217     0.56877    -0.30769=0.18,0.82
0.53767      6.9066     -1.2588     0.11217     0.31877    -0.30769=0.16125,0.83875
0.53767      2.3339     -1.2588     0.11217     0.31877     -1.3077=0.62125,0.37875
0.53767      6.9066     -2.2588     0.11217     0.38127    -0.30769=0.1725,0.8275
0.53767      6.9066     -2.2588     0.11217     0.81877    -0.80769=0.63,0.37
0.53767      6.9066     -2.2588     0.11217     0.31877    -0.30769=0.18,0.82
0.53767      6.6566     -1.2588     0.11217     0.56877     -1.3077=0.17875,0.82125
0.037667      6.9066     -1.0088     0.11217     0.38127    -0.30769=0.4775,0.5225
0.53767      6.6566     -1.2588     0.11217    -0.18123     -1.3077=0.17,0.83
0.53767      6.9066     -1.2588     0.11217     0.31877    -0.30769=0.16125,0.83875
0.53767      6.9066     -1.2588     0.11217     0.31877     -1.3077=0.18125,0.81875
0.53767      6.9066     -2.2588     0.11217     0.38127    -0.30769=0.18,0.82
0.53767      6.9066     -2.2588     0.11217     0.38127    -0.30769=0.175,0.825
0.53767      6.6566     -1.2588     0.11217    -0.18123     -1.3077=0.17125,0.82875
0.53767      6.6566     -1.2588     0.11217    -0.18123    -0.80769=0.18375,0.81625
0.53767      6.9066     -1.2588     0.11217     0.31877    -0.30769=0.1575,0.8425
0.53767      6.9066     -1.2588     0.11217    -0.18123    -0.30769=0.16625,0.83375
0.53767      7.1566     -2.2588     0.23717     0.31877    -0.30769=0.1825,0.8175
0.53767      2.3339     -1.5088     0.11217     0.38127     -1.3077=0.54875,0.45125
0.53767      6.9066     -1.2588     0.11217     0.31877    -0.30769=0.1825,0.8175
0.53767      6.9066     -2.2588     0.11217     0.38127    -0.30769=0.16,0.84
0.53767      6.9066     -1.2588     0.11217     0.38127    -0.30769=0.1875,0.8125
0.53767      2.3339     -1.5088     0.11217    -0.18123     -1.3077=0.60375,0.39625
0.53767      7.1566     -1.2588     0.23717    -0.18123    -0.30769=0.1725,0.8275
0.53767      6.9066     -1.2588     0.11217     0.31877    -0.30769=0.1875,0.8125
0.53767      6.9066     -1.2588     0.11217     0.31877    -0.30769=0.18875,0.81125
0.53767      6.9066     -1.2588     0.11217     0.31877    -0.30769=0.17375,0.82625
0.037667      6.6566    -0.75885     0.11217    -0.18123     -1.3077=0.48625,0.51375
0.78767      7.1566     -2.7588     0.61217     0.38127    -0.30769=0.2825,0.7175
0.53767      6.9066     -2.2588     0.11217     0.38127    -0.30769=0.17125,0.82875
0.53767      6.9066     -1.2588     0.11217     0.31877    -0.30769=0.19,0.81
0.53767      6.9066     -2.2588     0.11217     0.31877    -0.30769=0.16375,0.83625
0.53767      6.9066     -1.2588     0.11217     0.31877    -0.30769=0.18125,0.81875
0.53767      2.3339     -1.5088     0.11217    -0.18123     -1.3077=0.6125,0.3875
0.037667      6.6566     -1.2588     0.11217     0.38127     -1.3077=0.48125,0.51875
0.53767      6.9066     -1.2588     0.23717    -0.18123    -0.30769=0.1925,0.8075
0.53767      6.9066     -2.2588     0.11217     0.38127    -0.30769=0.175,0.825
0.97517      7.1566     -2.5088     0.61217     0.38127    -0.30769=0.6225,0.3775
0.53767      6.9066     -1.2588     0.11217    0.068765    -0.30769=0.15625,0.84375
0.53767      6.9066     -1.2588     0.11217    0.068765    -0.30769=0.16875,0.83125
0.53767      6.9066     -2.2588     0.11217     0.38127    -0.30769=0.17,0.83
0.53767      6.6566     -1.2588     0.11217     0.38127     -1.3077=0.1575,0.8425
0.53767      6.9066     -1.2588     0.11217    0.068765    -0.30769=0.1875,0.8125
0.53767      6.9066     -2.2588     0.11217     0.31877    -0.30769=0.1875,0.8125
0.53767      7.1566     -2.2588     0.11217     0.38127    -0.30769=0.15875,0.84125
0.53767      6.9066     -1.2588     0.11217    0.068765    -0.30769=0.14125,0.85875
0.53767      6.9066     -2.2588     0.11217     0.31877    -0.30769=0.19,0.81
0.53767      7.4066     -1.2588     0.11217     0.31877    -0.30769=0.18,0.82
0.53767      6.9066     -1.7588     0.11217    -0.11873    -0.30769=0.16375,0.83625
0.53767      6.9066     -1.2588     0.11217    0.068765    -0.30769=0.1675,0.8325
0.53767      6.6566     -1.2588     0.11217     0.38127     -1.3077=0.17125,0.82875
0.53767      7.1566     -2.2588     0.11217    0.068765    -0.30769=0.16,0.84
0.53767      6.9066     -1.2588     0.11217    0.068765    -0.30769=0.16625,0.83375
0.53767      7.1566     -2.2588     0.11217     0.31877    -0.30769=0.17625,0.82375
0.53767      6.6566     -1.7588     0.11217     0.38127    -0.30769=0.17875,0.82125
0.53767      6.9066     -2.2588     0.11217     0.38127    -0.30769=0.1775,0.8225
0.53767      6.9066     -2.2588     0.11217     0.31877    -0.30769=0.1675,0.8325
1.5377      6.6566     -1.2588     0.11217     0.38127     -1.3077=0.46375,0.53625
0.53767      6.9066    -0.25885     0.11217    -0.93123    -0.30769=0.6525,0.3475
0.53767      7.1566     -2.2588     0.11217    0.068765    -0.30769=0.16875,0.83125
1.5377      6.6566     -1.2588     0.11217     0.38127     -1.3077=0.47875,0.52125
0.53767      6.9066     -1.2588     0.11217    0.068765    -0.30769=0.16375,0.83625
0.53767      6.9066     -2.2588     0.11217     0.31877    -0.30769=0.17625,0.82375
0.53767      6.9066     -1.2588     0.11217     0.38127    -0.30769=0.1775,0.8225
0.53767      7.1566     -1.2588     0.11217    0.068765    -0.30769=0.17375,0.82625
0.53767      7.1566     -2.2588     0.11217     0.31877    -0.30769=0.18375,0.81625
0.53767      6.9066    -0.25885     0.11217    -0.93123    -0.30769=0.64,0.36
0.53767      6.9066     -1.2588     0.36217    -0.43123    -0.30769=0.18625,0.81375
0.53767      7.1566    -0.75885     0.11217     0.56877     0.19231=0.16125,0.83875
0.53767      7.1566    -0.75885     0.11217     0.56877     0.19231=0.19625,0.80375
0.53767      6.9066     -1.2588     0.11217     0.38127    -0.30769=0.19375,0.80625
0.53767      7.1566     -2.2588     0.11217    0.068765    -0.30769=0.185,0.815
0.53767      7.1566    -0.75885     0.11217     0.56877     0.19231=0.17375,0.82625
0.53767      7.1566     -1.2588     0.11217    -0.93123    -0.30769=0.655,0.345
0.53767      7.1566     -1.2588     0.11217    -0.43123    -0.30769=0.15625,0.84375
0.53767      6.9066    -0.75885     0.11217     0.56877     0.19231=0.18,0.82
0.53767      6.9066     -1.2588     0.11217    0.068765    -0.30769=0.18,0.82
0.72517      6.9691     -2.2588     0.11217    0.068765    -0.30769=0.22,0.78
0.53767      7.1566     -2.0713     0.29967     0.13127    -0.55769=0.17875,0.82125
0.53767      7.1566     -1.2588     0.11217    -0.43123    -0.30769=0.17875,0.82125
0.53767      7.1566     -2.2588     0.11217    -0.43123    -0.30769=0.17875,0.82125
0.72517      6.9691     -1.2588     0.11217     0.38127    -0.30769=0.19625,0.80375
0.53767      7.1566     -2.0713     0.11217     0.13127    -0.55769=0.175,0.825
0.53767      7.1566     -1.2588     0.11217    0.068765    -0.30769=0.16875,0.83125
0.53767      6.9066    -0.75885     0.11217     0.38127     0.19231=0.1775,0.8225
0.53767      7.1566     -1.2588     0.11217    -0.93123     0.19231=0.655,0.345
0.53767      7.1566     -2.0713     0.11217     0.13127     0.19231=0.16375,0.83625
1.0377      7.4066    -0.75885     0.11217    0.068765     0.19231=0.25875,0.74125
0.037667      7.1566    -0.75885     0.11217     0.56877     0.19231=0.48625,0.51375
0.53767      7.1566     -2.0713     0.11217     0.13127     0.19231=0.1725,0.8275
1.0377      7.4066    -0.75885     0.11217     0.13127     0.19231=0.24875,0.75125
1.0377      7.4066    -0.75885     0.11217    0.068765     0.19231=0.26,0.74
0.53767      7.1566     -1.2588     0.11217     0.13127     0.19231=0.18125,0.81875
0.53767      7.1566     -2.0713     0.11217    0.068765    -0.30769=0.14375,0.85625
0.72517      6.9691     -1.2588     0.11217     0.38127    -0.30769=0.22,0.78
0.53767      7.1566     -2.0713     0.11217     0.13127    -0.55769=0.16625,0.83375
0.53767      6.9066     -1.2588     0.11217     0.38127     0.19231=0.18375,0.81625
0.53767      7.3441     -2.2588     0.11217    -0.18123    -0.30769=0.1625,0.8375
0.53767      7.4066     -1.5088     0.11217     0.19377    -0.30769=0.1675,0.8325
0.53767      7.1566     -2.0713     0.11217    0.068765    -0.30769=0.145,0.855
0.53767      7.1566     -2.0713     0.11217     0.13127    -0.55769=0.16,0.84
0.53767      7.3441     -2.2588     0.11217     0.13127     0.19231=0.1625,0.8375
0.53767      7.3441     -2.2588     0.11217    -0.18123     0.19231=0.17375,0.82625
0.53767      7.1566     -2.2588     0.11217    0.068765    -0.30769=0.17375,0.82625
0.53767      7.1566     -1.2588     0.11217     0.38127    -0.30769=0.17625,0.82375
0.53767      7.1566     -1.2588     0.11217    0.068765    -0.30769=0.15375,0.84625
0.53767      7.1566     -1.5088     0.11217     0.13127     0.19231=0.17375,0.82625
1.0377      7.4066    -0.75885    -0.38783     0.13127     0.19231=0.30375,0.69625
0.53767      7.9066    -0.25885     0.61217     0.31877     0.44231=0.23125,0.76875
0.53767      7.1566     -2.0713     0.11217    0.068765    -0.30769=0.16,0.84
0.53767      7.1566     -2.2588     0.11217     0.13127    -0.30769=0.16,0.84
0.53767      7.1566     -1.5088     0.11217     0.13127     0.19231=0.175,0.825
0.53767      7.1566     -1.2588     0.11217    0.068765    -0.30769=0.165,0.835
0.53767      7.1566    -0.25885     0.61217     0.31877     0.44231=0.19625,0.80375
0.53767      7.3441     -2.2588     0.11217     0.31877     0.19231=0.18875,0.81125
0.53767      7.3441     -2.2588     0.11217    -0.18123     0.19231=0.17375,0.82625
0.53767      7.1566     -1.2588     0.11217    0.068765    -0.30769=0.17375,0.82625
0.60017      7.4066     -1.1963     0.11217     0.13127    -0.12019=0.18625,0.81375
1.2877      7.4691    -0.63385    -0.26283     0.13127     0.25481=0.335,0.665
0.53767      7.1566     -2.0713     0.11217    0.068765    -0.30769=0.18,0.82
0.53767      7.1566     -1.1963     0.11217     0.13127    -0.30769=0.16625,0.83375
0.53767      7.3441     -1.2588     0.11217    0.068765    -0.30769=0.175,0.825
0.53767      7.1566     -2.0713     0.11217    -0.18123    -0.30769=0.1725,0.8275
1.2877      7.1566    -0.63385     0.11217     0.13127     0.25481=0.2975,0.7025
0.53767      7.1566     -2.0713     0.11217    0.068765    -0.30769=0.15625,0.84375
0.53767      7.1566     -1.5088     0.11217    0.068765    -0.30769=0.175,0.825
0.53767      7.4066     -2.0713     0.11217    0.068765    -0.12019=0.1675,0.8325
0.53767      7.3441     -2.2588     0.14342     0.31877     0.31731=0.185,0.815
0.64704      7.0316    -0.25885     0.65905     0.31877     0.55169=0.25625,0.74375
0.53767      7.1566     -2.0713     0.11217    0.068765    -0.30769=0.17625,0.82375
0.53767      7.3441     -1.1963     0.11217     0.13127    -0.30769=0.1775,0.8225
1.2877      7.1566     -1.5088     0.11217     0.13127     0.25481=0.3,0.7
0.53767      7.1566    -0.63385     0.11217     0.13127    -0.30769=0.1775,0.8225
0.53767      7.4066     -2.0713     0.11217     0.31877    -0.12019=0.17375,0.82625
0.53767      7.1566     -2.0713     0.11217    0.068765    -0.30769=0.16375,0.83625
0.64704      7.1566     -2.0713     0.11217     0.31877     0.55169=0.2125,0.7875
0.53767      7.1566     -1.2588     0.11217    0.068765    -0.30769=0.18625,0.81375
0.53767      7.1566     -1.1963     0.11217     0.13127    -0.55769=0.1525,0.8475
0.72517      7.2816     -1.8213     0.17467    0.068765    -0.55769=0.2275,0.7725
0.53767      7.1566     -1.1963     0.11217     0.13127    -0.55769=0.17125,0.82875
0.53767      7.1566    -0.63385     0.11217     0.13127    -0.30769=0.16875,0.83125
0.53767      7.1566     -1.1963     0.11217    0.068765    -0.55769=0.1875,0.8125
1.2877      7.1566     -1.5088     0.11217    0.068765    -0.30769=0.315,0.685
0.53767      7.1566     -2.0713     0.11217     0.13127    -0.30769=0.17625,0.82375
0.64704      7.1566     -1.8213     0.17467     0.31877     0.55169=0.25375,0.74625
0.53767      7.1566     -1.1963     0.11217    0.068765    -0.30769=0.17,0.83
0.53767      7.1566     -2.0713     0.11217     0.13127    -0.30769=0.15875,0.84125
0.037667      7.4066     -1.5713     0.11217     0.31877    -0.12019=0.48875,0.51125
1.0377      7.1566     -2.0713     0.61217     0.56877    -0.30769=0.35,0.65
0.53767      7.1566     -2.0713     0.11217     0.13127    -0.30769=0.1875,0.8125
0.64704      7.1566     -2.0713     0.11217     0.31877    -0.30769=0.20625,0.79375
0.53767      7.1566     -1.8213     0.11217     0.31877    -0.30769=0.1775,0.8225
0.53767      7.1566    -0.63385     0.11217     0.13127    -0.30769=0.185,0.815
1.2877      7.1566     -2.0713     0.11217     0.13127    -0.30769=0.30375,0.69625
0.53767      7.1566     -1.1963     0.11217    0.068765    -0.55769=0.1575,0.8425
0.53767      7.1566     -2.0713     0.11217     0.13127    -0.30769=0.17875,0.82125
1.0377      7.1566     -2.0713     0.61217     0.13127    -0.30769=0.36875,0.63125
0.78767      7.2191     -1.8213     0.11217     0.25627    -0.24519=0.21125,0.78875
0.22517      7.4066     -1.8213     0.11217     0.31877    -0.12019=0.4775,0.5225
0.53767      7.1566     -1.1963     0.11217    0.068765    -0.55769=0.18,0.82
0.53767      7.1566    -0.63385     0.11217    0.068765    -0.30769=0.17375,0.82625
0.53767      7.1566     -1.1963     0.11217     0.13127    -0.55769=0.17125,0.82875
0.53767      7.1566     -1.8213     0.11217     0.31877    -0.30769=0.155,0.845
0.53767      7.1566    -0.63385     0.11217     0.13127    -0.30769=0.1725,0.8275
0.78767      7.1566     -2.0713     0.11217     0.13127    -0.24519=0.6175,0.3825
1.0377      7.4066     -1.8213     0.61217     0.13127    -0.30769=0.86625,0.13375
0.53767      7.1566     -1.1963     0.11217    0.068765    -0.30769=0.1725,0.8275
0.14704      7.1566     -1.8213     0.11217     0.31877    -0.30769=0.51125,0.48875
0.64704      7.1566     -2.0713     0.11217    -0.18123    -0.30769=0.19875,0.80125
0.53767      7.1566     -1.8213     0.11217     0.31877    -0.30769=0.16375,0.83625
0.53767      7.1566    -0.63385     0.11217     0.13127    -0.30769=0.18125,0.81875
0.53767      7.1566    -0.63385     0.11217    0.068765    -0.55769=0.1825,0.8175
0.53767      7.1566     -2.0713     0.11217    -0.18123    -0.30769=0.175,0.825
0.53767      7.1566     -1.1963     0.11217     0.31877    -0.30769=0.16,0.84
0.53767      7.1566     -1.8213     0.11217     0.31877    -0.30769=0.1675,0.8325
0.53767      7.1566     -1.1963     0.11217     0.31877    -0.30769=0.195,0.805
0.78767      7.1566     -1.1963     0.11217     0.13127    -0.55769=0.225,0.775
0.53767      8.1566     -1.1963      1.1122      1.0688    -0.30769=0.24,0.76
1.0377      8.4066     -1.8213    -0.38783     0.13127     0.69231=0.75125,0.24875
0.53767      7.1566     -1.1963     0.11217     0.31877    -0.30769=0.16375,0.83625
0.53767      7.1566    -0.63385     0.11217    0.068765    -0.30769=0.18125,0.81875
0.53767      7.1566     -1.1963     0.11217     0.31877    -0.30769=0.16,0.84
0.53767      7.1566    -0.63385     0.11217    0.068765    -0.30769=0.15125,0.84875
0.53767      7.1566     -1.1963     0.11217     0.31877    -0.30769=0.1725,0.8275
0.53767      7.1566     -1.8213     0.11217     0.31877    -0.30769=0.17125,0.82875
0.53767      7.1566     -1.8213    -0.38783     0.13127     0.69231=0.675,0.325
0.53767      7.1566     -2.0713     0.11217      1.0688    -0.30769=0.62375,0.37625
0.78767      7.1566     -1.1963     0.11217     0.63127    -0.55769=0.22625,0.77375
0.53767      7.1566     -1.6963     0.61217     0.31877    -0.30769=0.195,0.805
0.53767      7.1566    -0.63385     0.11217    0.068765    -0.30769=0.16375,0.83625
0.53767      7.1566     -2.0713    -0.38783      1.0688    -0.30769=0.2125,0.7875
0.53767      7.1566     -1.1963     0.11217    0.068765    -0.30769=0.155,0.845
0.78767      7.1566    -0.63385     0.11217    0.068765    -0.30769=0.21125,0.78875
0.53767      7.1566     -1.1963     0.11217     0.31877    -0.30769=0.1725,0.8275
0.53767      7.1566     -1.1963     0.11217     0.31877    -0.30769=0.17,0.83
0.53767      7.1566    -0.63385     0.11217     0.31877    -0.30769=0.175,0.825
0.53767      7.1566    -0.63385     0.61217     0.31877    -0.30769=0.18875,0.81125
1.5377      7.1566     -2.8213      1.1122     0.31877    -0.30769=0.89875,0.10125
0.53767      7.1566     -1.1963      1.1122     0.31877     0.69231=0.26125,0.73875
0.53767      7.1566     -1.1963     0.11217    0.068765    -0.30769=0.1625,0.8375
0.53767      7.1566     -1.1963      1.1122     0.31877    -0.30769=0.26,0.74
0.53767      7.1566     -1.1963     0.11217    0.068765    -0.30769=0.155,0.845
0.53767      7.1566    -0.63385     0.11217     0.31877    -0.30769=0.16375,0.83625
1.5377      7.1566     -2.8213      1.1122      1.0688    -0.30769=0.485,0.515
0.53767      7.1566    -0.63385     0.11217     0.31877    -0.30769=0.16875,0.83125
0.53767      7.1566     -1.1963     0.11217    0.068765    -0.30769=0.1725,0.8275
0.78767      7.1566     -1.1963     0.11217    0.068765    -0.30769=0.21625,0.78375
0.78767      7.6566    -0.63385     0.61217     0.81877     0.19231=0.29625,0.70375
0.53767      7.1566     -1.1963     0.11217     0.31877    -0.80769=0.165,0.835
0.53767      7.1566     -1.1963     0.11217    0.068765    -0.30769=0.18375,0.81625
0.53767      7.1566     -2.8213      1.1122    0.068765    -0.30769=0.24375,0.75625
0.53767      7.1566     -1.1963     0.11217    0.068765    -0.80769=0.16375,0.83625
0.53767      7.1566     -1.1963     0.11217     0.31877    -0.30769=0.16,0.84
0.78767      7.6566     -1.1963     0.11217     0.81877    -0.30769=0.1875,0.8125
0.53767      7.1566    -0.63385     0.11217     0.31877    -0.30769=0.15875,0.84125
0.53767      7.1566     -1.1963     0.11217     0.31877    -0.30769=0.17375,0.82625
0.53767      7.1566     -1.1963     0.11217    0.068765    -0.30769=0.155,0.845
0.85017      7.2191     -1.1963     0.23717    -0.18123    -0.18269=0.22125,0.77875
0.78767      7.1566     -1.1963     0.11217     0.31877    -0.80769=0.21125,0.78875
0.53767      7.1566     -1.1963     0.11217    0.068765    -0.30769=0.17375,0.82625
0.53767      7.1566     -1.1963     0.11217    0.068765    -0.30769=0.17375,0.82625
0.53767      7.1566     -1.1963     0.11217     0.31877    -0.80769=0.16625,0.83375
0.53767      7.1566    -0.63385     0.11217    0.068765    -0.80769=0.16,0.84
0.53767      7.1566     -1.1963     0.11217    0.068765    -0.30769=0.1825,0.8175
0.53767      7.1566     -2.8213      1.1122    0.068765    -0.30769=0.245,0.755
0.53767      7.1566    -0.63385     0.11217    0.068765    -0.30769=0.19,0.81
0.85017      7.2191     -1.1963     0.11217    -0.18123    -0.18269=0.19,0.81
0.58454       7.266     -1.0713     0.15905     0.35002    -0.18269=0.18125,0.81875
0.78767      7.7035     -1.3213     0.14342     0.81877    -0.30769=0.1925,0.8075
0.53767      7.1566    -0.63385     0.11217    0.068765    -0.80769=0.1475,0.8525
0.85017      7.1566     -1.1963     0.11217    -0.18123    -0.80769=0.2325,0.7675
0.53767      7.1566    -0.63385      1.1122    0.068765    -0.30769=0.24,0.76
0.53767      7.1566    -0.63385     0.11217     0.31877    -0.80769=0.1725,0.8275
0.58454       7.266     -1.1963     0.15905    0.068765    -0.18269=0.16,0.84
0.53767      7.1566    -0.63385     0.11217    0.068765    -0.80769=0.1925,0.8075
0.53767      7.1566     -1.1963     0.11217    0.068765    -0.30769=0.1625,0.8375
0.58454       7.266     -1.0713     0.15905     0.35002    -0.30769=0.2075,0.7925
0.53767      7.1801     -1.1807      0.1317     0.13127    -0.30769=0.17375,0.82625
0.58064      7.1566     -1.1924     0.13561    0.068765    -0.37019=0.15875,0.84125
0.53767      7.1566    -0.63385     0.11217    0.068765    -0.80769=0.15875,0.84125
0.85017      7.1566     -1.1963     0.13561    -0.18123    -0.37019=0.19625,0.80375
0.53767      7.1566     -1.1807      0.1317     0.31877    -0.30769=0.15375,0.84625
0.53767       7.266    -0.63385     0.11217     0.35002    -0.80769=0.16625,0.83375
0.53767       7.266     -1.1963     0.15905    0.068765    -0.80769=0.17375,0.82625
0.58454       7.266     -1.1807      0.1317     0.13127    -0.18269=0.165,0.835
0.53767      7.1566    -0.63385     0.11217    0.068765    -0.80769=0.1625,0.8375
0.58064      7.1566     -1.1963     0.13561    0.068765    -0.37019=0.15,0.85
0.64704      7.2816    -0.63385      1.2372     0.11564    -0.19831=0.28625,0.71375
0.53767      7.1879    -0.63385     0.11217    0.068765    -0.93269=0.18375,0.81625
0.58064      7.1566     -1.1963     0.13561    0.068765    -0.37019=0.16875,0.83125
0.64704      7.1566     -1.1963     0.13561     0.11564    -0.19831=0.215,0.785
0.53767       7.266     -1.1963     0.11217     0.35002    -0.80769=0.15875,0.84125
0.58454       7.266     -1.1807     0.13561    0.068765    -0.37019=0.1725,0.8275
0.53767      7.1566     -1.1963     0.13561    0.068765    -0.37019=0.185,0.815
0.53767      7.1566     -1.1807     0.11217     0.31877    -0.30769=0.16625,0.83375
0.53767      7.1566     -1.1807      0.1317    0.068765    -0.30769=0.15375,0.84625
0.53767      7.1566    -0.63385     0.11217    0.068765    -0.37019=0.13125,0.86875
0.53767      7.2191    -0.59869     0.15124     0.11564    -0.80769=0.19,0.81
0.53767       7.266    -0.57135     0.17467     0.35002    -0.80769=0.15375,0.84625
0.53767      7.1566    -0.63385     0.11217    0.068765    -0.37019=0.165,0.835
0.53767      7.1566     -1.1963     0.11217     0.35002    -0.37019=0.15625,0.84375
0.58064      7.1566     -1.1963     0.11217    0.068765    -0.80769=0.1625,0.8375
0.53767      7.1566     -1.1807     0.11217    0.068765    -0.30769=0.1525,0.8475
0.53767      7.1566     -1.1963     0.13561     0.11564    -0.19831=0.15625,0.84375
0.53767       7.266    -0.57135     0.17467     0.35002    -0.80769=0.6075,0.3925
0.53767      7.1566    -0.63385     0.11217     0.31877    -0.30769=0.18625,0.81375
0.53767      7.1566     -1.1807     0.17467    0.068765    -0.80769=0.18875,0.81125
0.70954       7.391     -1.0713     0.13561     0.19377    -0.26081=0.21875,0.78125
0.53767      7.2191    -0.59869     0.27624     0.24064    -0.80769=0.16625,0.83375
0.53767      7.1566     -1.1807     0.11217    0.068765    -0.30769=0.18875,0.81125
0.53767      7.1566     -1.1807     0.17467    0.068765    -0.80769=0.175,0.825
0.58064      7.1566     -1.1807     0.11217    0.068765    -0.80769=0.15875,0.84125
0.70954       7.391     -1.1963     0.13561     0.11564    -0.26081=0.215,0.785
0.53767      7.1566    -0.63385     0.11217    0.068765    -0.37019=0.16875,0.83125
0.53767      7.2191    -0.63385     0.11217     0.31877    -0.30769=0.18125,0.81875
0.53767      7.1566    -0.63385     0.11217    0.068765    -0.37019=0.17125,0.82875
0.58064      7.1566     -1.1963     0.11217    0.068765    -0.30769=0.15,0.85
0.53767       7.266    -0.57135     0.17467     0.41252    -0.80769=0.1925,0.8075
0.60017      7.2152     -1.1495     0.11608     0.37736    -0.35066=0.19875,0.80125
0.58064      7.1566     -1.1963     0.11217    0.068765    -0.30769=0.15875,0.84125
0.53767       7.391    -0.63385     0.11217     0.11564    -0.37019=0.14875,0.85125
0.53767      7.1566     -1.1963     0.11217    0.068765    -0.37019=0.15375,0.84625
0.58064      7.1566     -1.1807     0.11217    0.068765    -0.30769=0.17625,0.82375
0.53767      7.1566     -1.1495     0.17467     0.37736    -0.35066=0.175,0.825
0.58064      7.1566     -1.1963     0.17467    0.068765    -0.30769=0.17,0.83
0.53767      7.2191    -0.63385     0.11217     0.31877    -0.30769=0.1675,0.8325
0.53767       7.266    -0.57135     0.17467     0.41252    -0.37019=0.62125,0.37875
0.53767      7.0316    -0.63385     0.20592    0.068765    -0.37019=0.17875,0.82125
0.69001      7.1566     -1.1807     0.11217    0.068765    -0.68269=0.23125,0.76875
0.53767       7.391    -0.63385     0.11217     0.11564    -0.37019=0.16625,0.83375
0.53767      7.0316    -0.63385     0.11217     0.31877    -0.37019=0.1675,0.8325
0.58064      7.1566     -1.1963     0.17467    0.068765    -0.30769=0.1625,0.8375
0.53767       7.391    -0.63385     0.11217     0.11564    -0.37019=0.1625,0.8375
0.58064      7.1566     -1.1963     0.11217     0.11564    -0.37019=0.14125,0.85875
0.69001      7.1566     -1.1807     0.11217    0.068765    -0.68269=0.21125,0.78875
0.58064       7.266     -1.1807     0.11217    0.068765    -0.30769=0.17875,0.82125
0.53767      7.1566     -1.1495     0.11217    0.068765    -0.35066=0.17125,0.82875
0.83064      7.3441    -0.94635     0.42467    0.068765    -0.12019=0.19375,0.80625
0.53767      7.4535    -0.38385     0.29967     0.24064    -0.37019=0.1875,0.8125
0.58064      7.1566     -1.1963     0.11217     0.11564    -0.37019=0.165,0.835
0.58064      7.1566     -1.1963     0.17467    0.068765    -0.12019=0.1925,0.8075
0.58064       7.391     -1.1963     0.11217     0.11564    -0.37019=0.17,0.83
0.53767      7.1566    -0.63385     0.11217    0.068765    -0.30769=0.17625,0.82375
0.53767       7.391    -0.63385     0.11217     0.11564    -0.37019=0.15875,0.84125
0.53767      7.1566    -0.38385     0.29967    0.068765    -0.37019=0.155,0.845
0.53767      7.1566     -1.1495     0.11217    0.068765    -0.35066=0.1725,0.8275
0.58064      7.1566     -1.1963     0.11217     0.11564    -0.37019=0.1275,0.8725
0.69001      7.1566     -1.6807     0.11217    0.068765    -0.68269=0.2125,0.7875
0.58064      7.6566    -0.69635     0.11217     0.11564    -0.37019=0.1825,0.8175
0.58064      7.1566     -1.1963     0.11217     0.11564    -0.37019=0.1575,0.8425
0.53767      7.1566    -0.38385     0.29967     0.11564    -0.37019=0.18125,0.81875
0.58064      7.1566     -1.1963     0.29967    0.068765    -0.12019=0.20375,0.79625
0.58064      7.1566     -1.1963     0.11217     0.11564    -0.37019=0.15375,0.84625
0.58064      7.1566     -1.1963     0.11217     0.11564    -0.37019=0.17,0.83
0.53767       7.391    -0.63385     0.11217    0.068765    -0.30769=0.15375,0.84625
0.53767      7.1566     -1.6807     0.11217    0.068765    -0.35066=0.16125,0.83875
0.58064      7.1566     -1.1963     0.11217     0.11564    -0.37019=0.15125,0.84875
0.53767       7.391    -0.63385     0.11217      1.1156    -0.37019=0.645,0.355
0.53767      7.1566     -1.1495     0.11217    0.068765     0.64934=0.64875,0.35125
0.58064      7.1566     -1.1963     0.11217     0.11564    -0.37019=0.1475,0.8525
0.58064      7.1566     -1.1963     0.11217     0.11564    -0.37019=0.14375,0.85625
0.58064      7.1566     -1.1963     0.11217     0.11564    -0.37019=0.18625,0.81375
0.53767       7.391     -1.1963     0.11217    0.068765    -0.37019=0.1575,0.8425
0.53767      7.1566    -0.38385     0.11217    0.068765    -0.35066=0.16875,0.83125
0.58064      7.1566    -0.63385     0.11217      1.1156    -0.37019=0.16875,0.83125
0.58064       7.391    -0.63385     0.11217     0.11564    -0.30769=0.16375,0.83625
0.58064      7.1566     -1.1963     0.11217     0.11564    -0.37019=0.16625,0.83375
0.58064      7.4066    -0.94635     0.36217    -0.38436     0.12981=0.2275,0.7725
0.58064      7.6566     -1.1963     0.29967    0.068765    -0.12019=0.1875,0.8125
0.58064      7.1566     -1.1963     0.11217     0.11564    -0.37019=0.16,0.84
0.58064      7.1566     -1.1963     0.11217     0.11564    -0.37019=0.18375,0.81625
0.58064      7.1566    -0.63385     0.11217     0.11564    -0.37019=0.14625,0.85375
0.58064      7.1566     -1.1963     0.11217     0.11564    -0.37019=0.17,0.83
0.58064      7.1566     -1.1963     0.11217    0.068765    -0.12019=0.15625,0.84375
0.53767      7.1566    -0.38385     0.11217    0.068765    -0.35066=0.15625,0.84375
0.53767       7.391     -1.1963     0.11217    0.068765    -0.37019=0.17625,0.82375
0.58064      7.1566     -1.1963     0.11217     0.11564    -0.37019=0.16,0.84
-0.41936      7.1566     -1.1963     0.11217     0.11564    -0.37019=0.48125,0.51875
1.5806      7.4066    0.053653     0.36217    -0.38436     0.12981=0.91375,0.08625
0.58064      7.1566    -0.63385     0.11217     0.11564    -0.37019=0.1775,0.8225
1.5806      7.1566     -1.1963     0.11217    -0.38436     0.12981=0.97125,0.02875
0.58064      7.1566     -1.1963     0.11217     0.11564    -0.37019=0.15875,0.84125
0.58064      7.1566     -1.1963     0.11217    0.068765    -0.12019=0.19125,0.80875
0.58064      7.1566     -1.1963     0.11217     0.11564    -0.37019=0.17,0.83
0.58064      7.1566    -0.63385     0.11217     0.11564    -0.37019=0.14625,0.85375
0.53767      7.1566     -1.1963     0.11217    0.068765    -0.12019=0.17625,0.82375
0.53767       7.391     -1.1963     0.11217    0.068765    -0.37019=0.18375,0.81625
0.58064      7.1566    -0.63385     0.61217     0.11564    -0.37019=0.23,0.77
0.58064      7.6566     -1.1963     0.36217     0.61564     0.12981=0.2125,0.7875
0.58064      7.1566    -0.63385     0.11217     0.11564    -0.37019=0.18375,0.81625
0.58064      7.1566    -0.63385     0.61217     0.11564    -0.37019=0.21125,0.78875
0.58064      7.1566     -1.1963     0.11217     0.11564    -0.37019=0.16375,0.83625
0.58064      7.1566    -0.63385     0.11217     0.11564    -0.37019=0.14625,0.85375
0.58064       7.391    -0.63385     0.11217    0.068765    -0.37019=0.16125,0.83875
0.58064      7.6566     -1.1963     0.11217     0.61564    -0.37019=0.20125,0.79875
1.5806      7.6566     -1.1963     0.11217     0.61564     0.12981=0.97375,0.02625
0.53767      7.1566     -1.1963     0.11217    0.068765    -0.12019=0.16625,0.83375
0.58064      7.2816    -0.94635     0.17467    0.068765    -0.12019=0.145,0.855
0.58064      7.1566     -1.1963     0.36217     0.11564    -0.37019=0.195,0.805
0.58064      7.2816    -0.94635     0.17467    0.068765    -0.12019=0.60625,0.39375
0.53767      7.1566    -0.63385     0.11217    0.068765    -0.37019=0.17375,0.82625
0.58064      7.6566    -0.94635     0.17467    0.068765     0.12981=0.19,0.81
0.58064      7.1566    -0.63385     0.11217     0.11564    -0.37019=0.18,0.82
0.58064       7.391     -1.1963     0.11217    0.068765    -0.37019=0.1725,0.8275
0.58064      7.6566     -1.1963     0.36217     0.61564    -0.37019=0.1825,0.8175
0.58064      7.1566    -0.63385     0.61217    0.068765    -0.37019=0.22125,0.77875
0.58064      7.2816    -0.94635     0.11217     0.11564    -0.12019=0.18125,0.81875
0.58064      7.2816     -1.4463     0.17467    0.068765     0.37981=0.17125,0.82875
0.53767      6.6566     -1.1963     0.61217    0.068765    -0.12019=0.2075,0.7925
0.58064      7.2816     -1.4463     0.17467    0.068765     0.37981=0.22625,0.77375
0.58064      7.1566     -1.1963     0.61217     0.61564    -0.37019=0.235,0.765
0.58064      7.2816     -1.4463     0.11217    0.068765     0.37981=0.22,0.78
0.58064      7.2816     -1.4463     0.17467    0.068765     0.37981=0.15625,0.84375
0.58064      6.6566     -1.1963     0.61217    0.068765    -0.37019=0.195,0.805
0.58064       7.391    -0.94635     0.17467    0.068765    -0.37019=0.1625,0.8375
0.58064      7.1566    -0.94635     0.17467     0.11564    -0.37019=0.1725,0.8275
0.53767      7.1566    -0.63385     0.11217    0.068765    -0.37019=0.17375,0.82625
0.33064      7.6566     -1.1963     0.36217     0.61564    -0.37019=0.47625,0.52375
0.58064      7.6566    -0.94635   -0.075327    0.068765     0.12981=0.18625,0.81375
0.58064      7.2816     -1.4463     0.17467    0.068765     0.37981=0.6525,0.3475
0.58064      7.1566    -0.94635   -0.075327    0.068765     0.12981=0.18875,0.81125
0.58064      7.2816     -1.4463     0.61217    0.068765     0.37981=0.245,0.755
0.58064      7.6566     -1.1963   -0.075327     0.61564     0.12981=0.18375,0.81625
0.53767      7.1566    -0.63385     0.61217    0.068765    -0.37019=0.21875,0.78125
0.58064      7.1566    -0.94635     0.17467     0.11564     0.37981=0.17875,0.82125
0.58064       7.391    -0.94635     0.17467    0.068765    -0.37019=0.1875,0.8125
0.58064      7.1566     -1.1963     0.17467     0.61564    -0.37019=0.66125,0.33875
0.58064      7.2816     -1.4463    -0.32533    0.068765     0.37981=0.6725,0.3275
1.0806      7.2816     -1.4463     0.42467    0.068765     0.37981=0.30375,0.69625
0.58064      7.1566    -0.94635     0.17467     0.11564     0.37981=0.23125,0.76875
1.0806      7.1566     -1.1963     0.17467     0.61564     0.37981=0.28375,0.71625
0.58064       7.391    -0.94635     0.17467    0.068765    -0.37019=0.18,0.82
0.58064      7.6566     -1.1963   -0.075327     0.61564     0.12981=0.18,0.82
0.53767      7.1566    -0.94635   -0.075327    0.068765     0.12981=0.1425,0.8575
0.58064      7.2816     -1.4463     0.17467    0.068765     0.12981=0.18375,0.81625
0.58064      7.1566    -0.94635     0.17467     0.11564    -0.37019=0.15875,0.84125
0.58064      7.2816     -1.4463     0.61217    0.068765     0.37981=0.72,0.28
0.64314      7.4066    -0.69635     0.23717     0.36564     0.37981=0.67625,0.32375
0.53767      6.9066    -0.63385     0.86217     0.19377    -0.24519=0.25125,0.74875
0.53767      7.1566    -0.94635   -0.075327    0.068765     0.12981=0.155,0.845
0.53767      7.2816     -1.4463     0.17467    0.068765     0.12981=0.18625,0.81375
0.58064      7.2816     -1.4463   -0.075327    0.068765     0.37981=0.24375,0.75625
0.58064       7.391    -0.94635     0.17467     0.11564    -0.37019=0.1725,0.8275
0.58064      7.1566    -0.94635     0.17467     0.11564    -0.37019=0.16375,0.83625
0.53767      7.1566    -0.69635     0.23717     0.36564     0.37981=0.64875,0.35125
0.58064      7.1566    -0.94635     0.17467     0.19377    -0.24519=0.18125,0.81875
1.0806      7.6566     -1.1963     0.17467     0.61564     0.37981=0.2975,0.7025
0.53767      7.6566    -0.94635   -0.075327     0.56877     0.62981=0.6075,0.3925
1.1431      7.4066    -0.19635     0.23717     0.86564     0.37981=0.29375,0.70625
0.53767      7.1566    -0.94635   -0.075327    0.068765     0.12981=0.18375,0.81625
0.58064      7.2816    -0.69635     0.23717     0.36564     0.37981=0.27,0.73
0.58064      7.1566    -0.94635     0.17467     0.11564    -0.37019=0.16125,0.83875
1.0806      7.4066     -1.1963     0.17467     0.86564     0.37981=0.27875,0.72125
0.58064       7.391     -1.4463     0.17467    0.068765    -0.37019=0.17,0.83
0.58064      7.1566    -0.94635   -0.075327     0.19377     0.62981=0.23,0.77
0.53767      7.1566    -0.94635   -0.075327    0.068765     0.12981=0.1775,0.8225
0.53767      7.2816    -0.94635     0.17467    0.068765     0.12981=0.1675,0.8325
0.76814      7.1566    -0.69635     0.17467    -0.13436    -0.30769=0.19125,0.80875
0.58064      7.1566     -1.1963     0.17467     0.11564    -0.37019=0.1625,0.8375
0.58064      7.1566    -0.94635     0.17467     0.11564    -0.37019=0.15875,0.84125
0.53767      7.1566    -0.94635     0.17467     0.11564    -0.37019=0.1725,0.8275
0.53767      7.1566    -0.94635   -0.075327    0.068765     0.12981=0.16,0.84
0.53767      7.1566    -0.94635   -0.075327     0.11564    -0.37019=0.165,0.835
0.58064      7.1566     -1.1963     0.17467     0.11564    -0.37019=0.16625,0.83375
0.53767      7.4066    -0.94635     0.17467    0.068765     0.12981=0.19875,0.80125
0.58064      7.1566    -0.94635   -0.075327     0.19377     0.12981=0.17375,0.82625
0.76814      7.2816    -0.69635     0.23717    -0.13436     0.37981=0.6425,0.3575
0.58064       7.516     -1.4463     0.17467    0.068765    -0.37019=0.17,0.83
0.61189      7.1723    -0.93072      0.1903     0.14689    -0.49519=0.21,0.79
0.58064      7.1566    -0.94635     0.17467     0.11564    -0.37019=0.2,0.8
0.53767       7.516    -0.94635     0.17467    0.068765     0.12981=0.60875,0.39125
0.53767      7.1566    -0.94635   -0.075327     0.11564    -0.37019=0.15375,0.84625
0.58064       7.516     -1.4463     0.17467    0.068765     0.37981=0.64875,0.35125
0.53767      7.1566    -0.94635      0.1903     0.14689    -0.49519=0.17,0.83
0.53767      7.1566    -0.94635     0.17467     0.11564    -0.37019=0.17875,0.82125
0.58064      7.1566     -1.1963     0.17467     0.11564    -0.37019=0.18375,0.81625
0.58064      7.1566    -0.94635     0.17467     0.11564    -0.37019=0.155,0.845
0.83064      7.1566    -0.88385    0.049673     0.31877     0.37981=0.63625,0.36375
0.72517      7.1566    -0.75885     0.36217     0.11564    -0.12019=0.21625,0.78375
0.53767      7.1566    -0.94635   -0.075327     0.11564    -0.37019=0.18375,0.81625
0.53767       7.516    -0.94635     0.17467     0.11564     0.12981=0.17375,0.82625
0.53767      7.1566     -1.1963   -0.075327     0.11564    -0.37019=0.1575,0.8425
0.53767      7.1566    -0.75885     0.36217     0.11564    -0.12019=0.21375,0.78625
0.53767      7.1566    -0.94635   -0.075327     0.14689    -0.49519=0.18,0.82
0.83064      7.1566    -0.88385     0.17467     0.31877     0.37981=0.5825,0.4175
0.58064      7.1566     -1.4463     0.17467    0.068765    -0.49519=0.17125,0.82875
0.58064      7.1566    -0.94635     0.17467     0.11564    -0.37019=0.17125,0.82875
1.0377      7.1566    -0.44635     0.17467     0.61564    -0.12019=0.24875,0.75125
0.83064      7.4066    -0.63385     0.54967     0.81877     0.37981=0.22,0.78
0.53767      7.1566     -1.1963   -0.075327     0.11564    -0.37019=0.16125,0.83875
0.83064      7.4066    -0.63385     0.17467     0.81877    -0.49519=0.2425,0.7575
0.53767      7.1566    -0.75885     0.36217     0.11564    -0.12019=0.19375,0.80625
0.53767      7.1566     -1.1963   -0.075327     0.11564    -0.37019=0.15625,0.84375
0.53767      7.1566    -0.94635   -0.075327     0.11564    -0.37019=0.16625,0.83375
0.53767      7.1566    -0.94635     0.17467    0.068765    -0.49519=0.16875,0.83125
0.53767      7.1566    -0.94635     0.17467     0.11564    -0.37019=0.18125,0.81875
1.0377      7.1566    -0.88385     0.17467     0.61564    -0.12019=0.26625,0.73375
0.53767      7.4066     -1.1963   -0.075327     0.11564    -0.37019=0.15625,0.84375
0.60017       7.516    -0.75885     0.17467    -0.13436     0.12981=0.19,0.81
0.53767      7.1566     -1.1963   -0.075327     0.11564    -0.37019=0.16625,0.83375
0.53767      7.1566     -1.1963   -0.075327     0.11564    -0.37019=0.14875,0.85125
0.53767      7.1566    -0.88385   -0.075327     0.11564    -0.37019=0.1825,0.8175
0.60017      7.1566    -0.75885     0.17467     0.11564     0.12981=0.14875,0.85125
0.53767      7.4066     -1.1963   -0.075327     0.11564    -0.37019=0.1575,0.8425
0.53767      7.1566     -1.1963   -0.075327     0.11564    -0.37019=0.155,0.845
0.53767      7.4066     -1.1963   -0.075327     0.81877    -0.49519=0.64875,0.35125
0.53767      7.1566    -0.94635   -0.075327     0.11564    -0.37019=0.18375,0.81625
1.0377      6.9066    -0.94635   -0.075327     0.36564     0.12981=0.2225,0.7775
1.0377      7.4066    -0.25885     0.36217     0.11564    -0.12019=0.30375,0.69625
0.53767      7.1566     -1.1963   -0.075327     0.11564    -0.37019=0.15625,0.84375
1.0377      7.1566    -0.25885   -0.075327     0.11564    -0.12019=0.275,0.725
0.53767      7.4066     -1.1963   -0.075327     0.11564    -0.37019=0.16625,0.83375
0.53767      7.1566     -1.1963   -0.075327     0.11564    -0.37019=0.16375,0.83625
0.53767      7.1566    -0.88385   -0.075327     0.11564    -0.37019=0.165,0.835
0.60017      7.1566    -0.75885     0.17467     0.11564     0.12981=0.20625,0.79375
1.0377      7.4066    -0.94635   -0.075327     0.81877     0.12981=0.2025,0.7975
0.53767      7.4066     -1.1963   -0.075327     0.11564    -0.37019=0.16375,0.83625
0.53767      7.1566     -1.1963   -0.075327      1.1156    -0.37019=0.6275,0.3725
0.53767      7.1566    -0.94635   -0.075327    -0.88436    -0.37019=0.62,0.38
0.53767      7.1566     -1.1963   -0.075327     0.11564    -0.37019=0.20125,0.79875
0.53767      7.4066     -1.1963   -0.075327     0.11564     0.12981=0.15875,0.84125
0.53767      7.1566     -1.1963   -0.075327     0.11564    -0.37019=0.1675,0.8325
0.53767      7.1566    -0.88385   -0.075327     0.11564    -0.37019=0.16875,0.83125
0.53767      7.4066     -1.1963   -0.075327     0.11564    -0.37019=0.16375,0.83625
0.60017      7.1566    -0.75885     0.17467     0.11564    -0.37019=0.1575,0.8425
0.53767      7.1566     -1.1963   -0.075327     0.11564    -0.37019=0.1625,0.8375
1.0377      7.1566     -1.1963   -0.075327     0.11564    -0.37019=0.23,0.77
1.0377      7.4066    -0.69635     0.42467      1.1156     0.12981=0.16625,0.83375
1.5377      7.4066    -0.94635   -0.075327     0.81877     0.12981=0.45625,0.54375
0.60017      7.1566    -0.75885     0.17467     0.11564    -0.37019=0.19625,0.80375
0.60017      7.1566    -0.94635     0.17467     0.81877    -0.37019=0.66125,0.33875
1.0377      7.4066     -1.1963   -0.075327     0.11564    -0.37019=0.2425,0.7575
1.0377      7.4066    -0.75885     0.42467     0.11564     0.12981=0.80875,0.19125
0.53767      7.1566    -0.75885     0.17467     0.11564    -0.37019=0.18875,0.81125
0.53767      7.4066     -1.1963   -0.075327     0.11564    -0.37019=0.16875,0.83125
1.0377      7.4066    -0.69635     0.42467      1.1156     0.12981=0.17875,0.82125
0.53767      7.4066     -1.1963   -0.075327     0.11564     0.12981=0.16375,0.83625
0.72517      6.9066     -1.1963   -0.075327     0.11564    -0.37019=0.21375,0.78625
0.60017      7.1566    -0.94635   -0.075327     0.24064    -0.18269=0.2025,0.7975
0.53767      7.4066     -1.1963   -0.075327     0.11564     0.12981=0.185,0.815
0.53767      7.4066     -1.1963   -0.075327     0.11564    -0.37019=0.18375,0.81625
1.0377      6.9066     -1.1963   -0.075327      1.1156    -0.37019=0.1525,0.8475
0.60017      7.1566    -0.94635     0.17467     0.81877    -0.18269=0.6375,0.3625
1.0377      7.4066     -1.1963     0.42467     0.11564     0.12981=0.7925,0.2075
0.53767      7.1566    -0.75885   -0.075327     0.11564    -0.37019=0.16875,0.83125
1.0377      7.4066     -1.1963     0.42467     0.11564     0.12981=0.7725,0.2275
0.60017      7.1566    -0.75885     0.17467     0.11564    -0.37019=0.2125,0.7875
0.55329      7.4066     -1.0713   -0.012827     0.16252     0.25481=0.17625,0.82375
0.60017      7.2348    -0.63385     0.17467     0.11564    -0.37019=0.18625,0.81375
1.0377      6.9066     -1.1963   -0.075327      1.1156    -0.37019=0.6175,0.3825
1.0377      6.9066     -1.1963     0.42467      1.1156    -0.37019=0.57,0.43
0.53767      7.1566    -0.75885   -0.075327     0.11564    -0.37019=0.165,0.835
1.0377      7.4066     -1.1963   -0.075327      1.1156     0.25481=0.6425,0.3575
0.60017      7.1566    -0.75885     0.17467     0.11564     0.25481=0.23,0.77
0.60017      7.1566    -0.94635     0.17467     0.81877    -0.18269=0.65,0.35
1.0377      6.9066     -1.1963     0.42467      1.1156    -0.37019=0.19875,0.80125
0.60017      7.2348     -1.1963   -0.075327     0.11564    -0.37019=0.20625,0.79375
0.60017      7.2348    -0.38385     0.17467     0.11564    -0.37019=0.18375,0.81625
0.53767      7.4066     -1.1963   -0.075327     0.11564     0.37981=0.16375,0.83625
0.53767      7.4066     -1.1963   -0.075327     0.11564     0.37981=0.5625,0.4375
1.0377      7.1566     -1.1963   -0.075327      1.1156    -0.18269=0.16,0.84
0.60017      7.2348     -1.1963   -0.075327     0.11564     0.37981=0.38625,0.61375
1.0377      6.9066     -1.1963     0.17467      1.1156    -0.37019=0.1975,0.8025
0.53767      6.9066     -1.1963   -0.075327     0.11564    -0.37019=0.17375,0.82625
0.60017      7.1566     -1.1963   -0.075327     0.11564    -0.37019=0.215,0.785
0.60017      7.2348    -0.38385     0.17467     0.11564    -0.37019=0.18625,0.81375
0.60017      7.4066    -0.75885     0.17467     0.11564     0.25481=0.20375,0.79625
1.0845      7.0316     -1.0713     0.42467      1.1156    -0.29206=0.18625,0.81375
0.66267      7.2191    -0.68072   0.0027983     0.11564    -0.37019=0.19125,0.80875
